"OpenRecomp 6.1"
"/User/DataRO_053014_hq01_c45c"
"Thr Jun  5 2014 16:08:47"
"**************"
"OPEN 6.2.5"
"Fri May 30 2014 16:22:25"
<open><version>"6.2.5"</version></open>
<open><configfile>"/User/Configs/UserPrefs/LED 2x3 Broadleaf EB.xml"</configfile></open>
<open><light><source>"6400-02 or -02B LED Source"</source><par_in>1<sensor>"SI-3101"<cal>-0.89<actinity>1.00</actinity><transm>1.00</transm></cal></sensor><transm>1</transm></par_in><par_out>1<sensor>"Q44856"<cal>6.83</cal></sensor></par_out></light></open>
<open><comps><file>"/User/Configs/Comps/StdComps_6.1"<header>""</header><extras></extras></file><energybal>yes<f_parIn>1</f_parIn><f_parOut>0</f_parOut><alphaK>0.16</alphaK></energybal><bc_total>4.597<stomatal_ratio>1</stomatal_ratio><bc_oneside>2.298<type>2</type><table>"/Sys/Lib/StdBLCTable"</table><area>2</area><slope>-0.219565</slope><offset>2.73739</offset><fan>5</fan></bc_oneside></bc_total></comps></open>
<open><prompts><onlog>off</onlog><items>"Default (none)"</items></prompts></open>
<open><constants><oxygen>21 %</oxygen><bb_vapor>1.5</bb_vapor><bb_oxy>0.9</bb_oxy></constants></open>
<open><stability><items>"Std Stability"<items[1]><id>-2</id><size>15</size><pcv><onoff>0</onoff><value>1</value></pcv><std><onoff>0</onoff><value>1</value></std><slp><onoff>1</onoff><value>1</value></slp></items[1]><items[2]><id>-5</id><size>15</size><pcv><onoff>0</onoff><value>1</value></pcv><std><onoff>0</onoff><value>1</value></std><slp><onoff>1</onoff><value>1</value></slp></items[2]><items[3]><id>-7</id><size>15</size><pcv><onoff>0</onoff><value>1</value></pcv><std><onoff>0</onoff><value>1</value></std><slp><onoff>1</onoff><value>1</value></slp></items[3]></items></stability></open>
<open><log><format>"StdLogFmt_6.0"<items>{ -35 -21 -36 -76 30 23 36 21 25 221 -33 111 -34 11 -9 -10 -8 -1 -2 -4 -5 -14 -15 -7 -12 -13 -11 -65 -66 -72 -18 -19 -77 -78 -79 -23  }<hdr>{  }</hdr></items></format><options><beep>on</beep><hdr>normal</hdr><rem>normal</rem><stab>no</stab><stats>no<mean>no</mean><file>no</file><period>15</period></stats><excel>yes</excel><controls>yes</controls><comm>no</comm></options><datafile>"/User/DataRO_053014_hq01_c45c"</datafile><button><action>"Normal Log"<code>" LogOneObsManual "</code></action></button><autoprog>"/User/Configs/AutoProgs/AutoLog2"<active>no</active></autoprog></log></open>
<open><a2d><avgtime>4.0 secs</avgtime><userchans><ch20>"Off"</ch20><ch21>"Off"</ch21><ch22>"Off"</ch22><ch23>"Off"</ch23></userchans></a2d></open>
<open><matching><type>0</type><disp>'a'</disp><settings><CO2Limit>10.0</CO2Limit><H2OLimit>1.0</H2OLimit><MaxAutoTime>60</MaxAutoTime></settings></matching></open>
<li6400><factory><unit>"PSC-3143"</unit><serviced>"8 Mar 2011"</serviced><fuseaware>0</fuseaware><co2mixer>yes</co2mixer><co2><coeffs>{ 0 0.213824 2.35017e-05 2.07122e-08 -3.49697e-12 3.25504e-16  }</coeffs><dvdt>-3.5</dvdt><xs>{ 0.0006 -0.0003  }</xs></co2><h2o><coeffs>{ 0 0.00583775 2.0458e-06 9.30148e-11  }</coeffs><dvdt>-0.9</dvdt><xs>{ 0.0007 -0.0017  }</xs></h2o><flow>{ 0 0.37  }</flow><press>{ 87.338 0.0055  }</press></factory></li6400>
<li6400><user><flow_zero>-35.0</flow_zero><irga_zero><co2>901.5 -815.3<at>25.8989</at></co2><h2o>4.1 -503.2<at>21.1119</at></h2o></irga_zero><irga_span><co2>{ 0.991086 0.993135  }</co2><h2o>{ 1.00408 0.997584  }</h2o></irga_span><irga_match><co2>{ -3.90869 -14.1628  }</co2><h2o>{ 0.0465232 1.53093  }</h2o></irga_match><co2_mixer><pump_mv>4500</pump_mv><ppm>{ 2434.39 1093.37 394.698 226.439 84.8806 35.4631 12.0808 8.4591  }</ppm><mv>{ 5000 3000 1500 1000 500 300 200 100  }</mv></co2_mixer><parin_offset>-1.77139</parin_offset><led_cal><unit>"SI-3101"</unit><mv>{ 10 25 50 100 1000 2000 3000 4000 5000  }</mv><qntm>{ 1.951 12.0575 30.6597 74.5522 925.175 1836.15 2700.41 3524.78 4287.11  }</qntm></led_cal><lcf_cal><unit>"LCF-1411"</unit><red><mv>{ 50 100 200 400 800 1500  }</mv><qntm>{ 67.5959 152.988 327.042 689.376 1428 2676.31  }</qntm></red><blue><mv>{ 100 500 1000 2000 3000 4000 5000  }</mv><qntm>{ 5.32999 36.7918 67.8478 118.819 164.48 203.6 238.997  }</qntm></blue></lcf_cal></user></li6400>
"16:22:26 "
$STARTOFDATA$
"Obs"	"HHMMSS"	"FTime"	"EBal?"	"Photo"	"Cond"	"Ci"	"Trmmol"	"VpdL"	"CTleaf"	"Area"	"BLC_1"	"StmRat"	"BLCond"	"Tair"	"Tleaf"	"TBlk"	"CO2R"	"CO2S"	"H2OR"	"H2OS"	"RH_R"	"RH_S"	"Flow"	"PARi"	"PARo"	"Press"	"CsMch"	"HsMch"	"StableF"	"BLCslope"	"BLCoffst"	"f_parin"	"f_parout"	"alphaK"	"Status"
"16:22:26 Launched AutoProg /User/Configs/AutoProgs/AutoLog2"
"16:22:28 Lamp: ParIn ->  2000 uml"
"16:22:29 CO2 Mixer: CO2R -> 400 uml"
"16:22:29 Coolers: Off"
"16:22:29 Flow: Fixed -> 400 umol/s"
1	"16:22:34"	183.5	1	13.9	0.0328	-292	2.07	5.11	41.67	1.69	2.37	1	4.74	40.64	39.91	40.66	400.03	393.82	33.928	34.771	38.08	39.02	399.9	1990	0	86.09	-14.2	1.53	0.0	-0.22	2.74	1.00	0.00	0.16	111115
2	"16:22:39"	188.5	1	12	0.0505	-7.14	3.08	4.96	41.41	1.69	2.37	1	4.74	40.64	39.98	40.66	399.92	394.35	33.929	35.184	38.08	39.49	399.9	2000	0	86.09	-14.2	1.53	0.3	-0.22	2.74	1.00	0.00	0.16	111115
3	"16:22:44"	194.0	1	11.5	0.0628	74.6	3.73	4.85	41.21	1.69	2.37	1	4.74	40.65	39.99	40.67	399.86	394.36	33.928	35.450	38.06	39.76	399.9	2000	0	86.09	-14.2	1.53	0.3	-0.22	2.74	1.00	0.00	0.16	111115
4	"16:22:49"	199.0	1	11.4	0.07	107	4.1	4.8	41.11	1.69	2.37	1	4.74	40.65	40.02	40.67	399.79	394.30	33.932	35.605	38.06	39.94	399.9	2000	0	86.09	-14.2	1.53	0.7	-0.22	2.74	1.00	0.00	0.16	111115
5	"16:22:54"	204.0	1	11.6	0.0752	119	4.37	4.76	41.03	1.69	2.37	1	4.74	40.65	40.02	40.68	399.83	394.18	33.930	35.710	38.05	40.05	399.9	2000	0	86.08	-14.2	1.53	0.7	-0.22	2.74	1.00	0.00	0.16	111115
6	"16:23:00"	209.5	1	11.6	0.0795	133	4.58	4.72	40.97	1.69	2.37	1	4.74	40.66	40.03	40.68	399.78	394.12	33.932	35.798	38.04	40.13	399.9	2000	0	86.08	-14.2	1.53	0.3	-0.22	2.74	1.00	0.00	0.16	111115
7	"16:23:05"	214.5	1	12.1	0.0825	131	4.73	4.7	40.93	1.69	2.37	1	4.74	40.66	40.04	40.69	399.87	393.95	33.928	35.855	38.03	40.19	399.9	2000	0	86.08	-14.2	1.53	0.7	-0.22	2.74	1.00	0.00	0.16	111115
8	"16:23:10"	219.5	1	12	0.0848	140	4.84	4.69	40.90	1.69	2.37	1	4.74	40.66	40.05	40.69	399.83	393.97	33.931	35.904	38.04	40.25	399.9	2000	0	86.08	-14.2	1.53	0.7	-0.22	2.74	1.00	0.00	0.16	111115
9	"16:23:15"	225.0	1	11.7	0.087	150	4.95	4.67	40.87	1.69	2.37	1	4.74	40.67	40.06	40.70	399.72	393.95	33.923	35.940	38.01	40.27	399.9	2000	0	86.09	-14.2	1.53	1.0	-0.22	2.74	1.00	0.00	0.16	111115
10	"16:23:20"	230.0	1	12	0.0886	149	5.03	4.67	40.86	1.69	2.37	1	4.74	40.67	40.08	40.70	399.80	393.91	33.920	35.970	38.01	40.30	399.9	2000	0	86.09	-14.2	1.53	1.0	-0.22	2.74	1.00	0.00	0.16	111115
11	"16:23:25"	235.0	1	11.9	0.0903	154	5.1	4.64	40.82	1.69	2.37	1	4.74	40.68	40.05	40.71	399.76	393.87	33.915	35.994	37.98	40.31	399.9	2000	0	86.08	-14.2	1.53	1.0	-0.22	2.74	1.00	0.00	0.16	111115
12	"16:23:31"	240.5	1	12.2	0.0917	152	5.13	4.6	40.71	1.69	2.37	1	4.74	40.68	39.95	40.71	399.74	393.71	33.913	36.004	37.98	40.32	399.9	1999	0	86.09	-14.2	1.53	1.0	-0.22	2.74	1.00	0.00	0.16	111115
13	"16:23:36"	245.5	1	12.7	0.0932	147	5.2	4.59	40.69	1.69	2.37	1	4.74	40.69	39.95	40.72	399.83	393.58	33.909	36.028	37.95	40.32	399.9	2000	0	86.08	-14.2	1.53	0.7	-0.22	2.74	1.00	0.00	0.16	111115
14	"16:23:41"	250.5	1	12.6	0.0942	151	5.25	4.59	40.69	1.69	2.37	1	4.74	40.69	39.96	40.72	399.90	393.69	33.908	36.047	37.95	40.34	399.9	1999	0	86.08	-14.2	1.53	1.0	-0.22	2.74	1.00	0.00	0.16	111115
15	"16:23:46"	256.0	1	12.4	0.0953	157	5.32	4.6	40.72	1.69	2.37	1	4.74	40.70	40.02	40.73	399.81	393.68	33.909	36.078	37.93	40.36	399.9	1999	0	86.09	-14.2	1.53	1.0	-0.22	2.74	1.00	0.00	0.16	111115
16	"16:23:51"	261.0	1	12	0.0958	164	5.37	4.61	40.76	1.69	2.37	1	4.74	40.70	40.08	40.73	399.64	393.68	33.907	36.093	37.93	40.37	399.9	1999	0	86.08	-14.2	1.53	1.0	-0.22	2.74	1.00	0.00	0.16	111115
17	"16:23:56"	266.0	1	12.8	0.0967	153	5.42	4.61	40.76	1.69	2.37	1	4.74	40.71	40.10	40.73	399.81	393.50	33.906	36.112	37.91	40.37	399.9	1999	0	86.08	-14.2	1.53	1.0	-0.22	2.74	1.00	0.00	0.16	111115
18	"16:24:02"	271.5	1	12.7	0.0976	157	5.45	4.6	40.74	1.69	2.37	1	4.74	40.71	40.09	40.74	399.77	393.51	33.906	36.128	37.91	40.40	399.9	1999	0	86.09	-14.2	1.53	1.0	-0.22	2.74	1.00	0.00	0.16	111115
19	"16:24:07"	276.5	1	12.7	0.0978	157	5.48	4.61	40.77	1.69	2.37	1	4.74	40.72	40.13	40.74	399.76	393.48	33.905	36.137	37.89	40.38	399.9	1999	0	86.09	-14.2	1.53	1.0	-0.22	2.74	1.00	0.00	0.16	111115
20	"16:24:12"	281.5	1	12.9	0.0984	156	5.5	4.61	40.75	1.69	2.37	1	4.74	40.72	40.12	40.74	399.78	393.43	33.903	36.144	37.89	40.39	399.9	2000	0	86.09	-14.2	1.53	1.0	-0.22	2.74	1.00	0.00	0.16	111115
21	"16:24:17"	287.0	1	13	0.0987	154	5.52	4.61	40.76	1.69	2.37	1	4.74	40.72	40.14	40.74	399.75	393.34	33.908	36.158	37.89	40.41	399.9	2000	0	86.09	-14.2	1.53	1.0	-0.22	2.74	1.00	0.00	0.16	111115
22	"16:24:22"	292.0	1	13	0.0996	156	5.56	4.6	40.73	1.69	2.37	1	4.74	40.73	40.12	40.75	399.72	393.32	33.904	36.168	37.86	40.39	399.9	2000	0	86.08	-14.2	1.53	1.0	-0.22	2.74	1.00	0.00	0.16	111115
23	"16:24:27"	297.0	1	13.1	0.1	156	5.6	4.6	40.74	1.69	2.37	1	4.74	40.73	40.14	40.75	399.73	393.28	33.905	36.184	37.87	40.41	399.9	2000	0	86.08	-14.2	1.53	1.0	-0.22	2.74	1.00	0.00	0.16	111115
24	"16:24:33"	302.5	1	13.3	0.1	153	5.61	4.6	40.74	1.69	2.37	1	4.74	40.73	40.15	40.75	399.81	393.26	33.906	36.191	37.87	40.42	399.9	2000	0	86.08	-14.2	1.53	1.0	-0.22	2.74	1.00	0.00	0.16	111115
25	"16:24:38"	307.5	1	13.6	0.101	149	5.65	4.6	40.75	1.69	2.37	1	4.74	40.74	40.17	40.76	399.82	393.12	33.903	36.203	37.84	40.41	399.9	2000	0	86.08	-14.2	1.53	1.0	-0.22	2.74	1.00	0.00	0.16	111115
26	"16:24:43"	312.5	1	13.2	0.102	158	5.68	4.58	40.72	1.69	2.37	1	4.74	40.74	40.14	40.76	399.72	393.20	33.904	36.216	37.84	40.42	399.9	2000	0	86.08	-14.2	1.53	1.0	-0.22	2.74	1.00	0.00	0.16	111115
27	"16:24:48"	318.0	1	13.4	0.102	154	5.69	4.59	40.74	1.69	2.37	1	4.74	40.75	40.17	40.76	399.70	393.09	33.901	36.220	37.82	40.41	399.9	2000	0	86.08	-14.2	1.53	1.0	-0.22	2.74	1.00	0.00	0.16	111115
28	"16:24:53"	323.0	1	13.5	0.103	154	5.72	4.59	40.73	1.69	2.37	1	4.74	40.75	40.17	40.76	399.66	393.02	33.902	36.230	37.82	40.42	399.9	2000	0	86.08	-14.2	1.53	1.0	-0.22	2.74	1.00	0.00	0.16	111115
29	"16:24:58"	328.0	1	13.6	0.104	155	5.76	4.58	40.70	1.69	2.37	1	4.74	40.76	40.15	40.77	399.68	392.98	33.898	36.243	37.80	40.41	399.9	2000	0	86.08	-14.2	1.53	1.0	-0.22	2.74	1.00	0.00	0.16	111115
30	"16:25:04"	333.5	1	14	0.104	149	5.79	4.59	40.72	1.69	2.37	1	4.74	40.76	40.19	40.78	399.78	392.90	33.892	36.249	37.79	40.42	399.9	1999	0	86.08	-14.2	1.53	1.0	-0.22	2.74	1.00	0.00	0.16	111115
"16:25:07 Lamp: ParIn ->  2000 uml"
"16:25:08 CO2 Mixer: CO2R -> 400 uml"
"16:25:08 Coolers: Off"
"16:25:08 Flow: Fixed -> 400 umol/s"
