"OpenRecomp 6.1"
"/User/DataRO_053014_IM43_c164s"
"Thr Jun  5 2014 16:10:19"
"**************"
"OPEN 6.2.5"
"Fri May 30 2014 13:11:44"
<open><version>"6.2.5"</version></open>
<open><configfile>"/User/Configs/UserPrefs/LED 2x3 Broadleaf EB.xml"</configfile></open>
<open><light><source>"6400-02 or -02B LED Source"</source><par_in>1<sensor>"SI-3101"<cal>-0.89<actinity>1.00</actinity><transm>1.00</transm></cal></sensor><transm>1</transm></par_in><par_out>1<sensor>"Q44856"<cal>6.83</cal></sensor></par_out></light></open>
<open><comps><file>"/User/Configs/Comps/StdComps_6.1"<header>""</header><extras></extras></file><energybal>yes<f_parIn>1</f_parIn><f_parOut>0</f_parOut><alphaK>0.16</alphaK></energybal><bc_total>4.597<stomatal_ratio>1</stomatal_ratio><bc_oneside>2.298<type>2</type><table>"/Sys/Lib/StdBLCTable"</table><area>2</area><slope>-0.219565</slope><offset>2.73739</offset><fan>5</fan></bc_oneside></bc_total></comps></open>
<open><prompts><onlog>off</onlog><items>"Default (none)"</items></prompts></open>
<open><constants><oxygen>21 %</oxygen><bb_vapor>1.5</bb_vapor><bb_oxy>0.9</bb_oxy></constants></open>
<open><stability><items>"Std Stability"<items[1]><id>-2</id><size>15</size><pcv><onoff>0</onoff><value>1</value></pcv><std><onoff>0</onoff><value>1</value></std><slp><onoff>1</onoff><value>1</value></slp></items[1]><items[2]><id>-5</id><size>15</size><pcv><onoff>0</onoff><value>1</value></pcv><std><onoff>0</onoff><value>1</value></std><slp><onoff>1</onoff><value>1</value></slp></items[2]><items[3]><id>-7</id><size>15</size><pcv><onoff>0</onoff><value>1</value></pcv><std><onoff>0</onoff><value>1</value></std><slp><onoff>1</onoff><value>1</value></slp></items[3]></items></stability></open>
<open><log><format>"StdLogFmt_6.0"<items>{ -35 -21 -36 -76 30 23 36 21 25 221 -33 111 -34 11 -9 -10 -8 -1 -2 -4 -5 -14 -15 -7 -12 -13 -11 -65 -66 -72 -18 -19 -77 -78 -79 -23  }<hdr>{  }</hdr></items></format><options><beep>on</beep><hdr>normal</hdr><rem>normal</rem><stab>no</stab><stats>no<mean>no</mean><file>no</file><period>15</period></stats><excel>yes</excel><controls>yes</controls><comm>no</comm></options><datafile>"/User/DataRO_053014_IM43_c164s"</datafile><button><action>"Normal Log"<code>" LogOneObsManual "</code></action></button><autoprog>"/User/Configs/AutoProgs/AutoLog2"<active>no</active></autoprog></log></open>
<open><a2d><avgtime>4.0 secs</avgtime><userchans><ch20>"Off"</ch20><ch21>"Off"</ch21><ch22>"Off"</ch22><ch23>"Off"</ch23></userchans></a2d></open>
<open><matching><type>0</type><disp>'a'</disp><settings><CO2Limit>10.0</CO2Limit><H2OLimit>1.0</H2OLimit><MaxAutoTime>60</MaxAutoTime></settings></matching></open>
<li6400><factory><unit>"PSC-3143"</unit><serviced>"8 Mar 2011"</serviced><fuseaware>0</fuseaware><co2mixer>yes</co2mixer><co2><coeffs>{ 0 0.213824 2.35017e-05 2.07122e-08 -3.49697e-12 3.25504e-16  }</coeffs><dvdt>-3.5</dvdt><xs>{ 0.0006 -0.0003  }</xs></co2><h2o><coeffs>{ 0 0.00583775 2.0458e-06 9.30148e-11  }</coeffs><dvdt>-0.9</dvdt><xs>{ 0.0007 -0.0017  }</xs></h2o><flow>{ 0 0.37  }</flow><press>{ 87.338 0.0055  }</press></factory></li6400>
<li6400><user><flow_zero>-35.0</flow_zero><irga_zero><co2>901.5 -815.3<at>25.8989</at></co2><h2o>4.1 -503.2<at>21.1119</at></h2o></irga_zero><irga_span><co2>{ 0.991086 0.993135  }</co2><h2o>{ 1.00408 0.997584  }</h2o></irga_span><irga_match><co2>{ -3.90869 -14.1493  }</co2><h2o>{ 0.0465232 1.56382  }</h2o></irga_match><co2_mixer><pump_mv>4500</pump_mv><ppm>{ 2434.39 1093.37 394.698 226.439 84.8806 35.4631 12.0808 8.4591  }</ppm><mv>{ 5000 3000 1500 1000 500 300 200 100  }</mv></co2_mixer><parin_offset>-1.77139</parin_offset><led_cal><unit>"SI-3101"</unit><mv>{ 10 25 50 100 1000 2000 3000 4000 5000  }</mv><qntm>{ 1.951 12.0575 30.6597 74.5522 925.175 1836.15 2700.41 3524.78 4287.11  }</qntm></led_cal><lcf_cal><unit>"LCF-1411"</unit><red><mv>{ 50 100 200 400 800 1500  }</mv><qntm>{ 67.5959 152.988 327.042 689.376 1428 2676.31  }</qntm></red><blue><mv>{ 100 500 1000 2000 3000 4000 5000  }</mv><qntm>{ 5.32999 36.7918 67.8478 118.819 164.48 203.6 238.997  }</qntm></blue></lcf_cal></user></li6400>
"13:11:45 "
$STARTOFDATA$
"Obs"	"HHMMSS"	"FTime"	"EBal?"	"Photo"	"Cond"	"Ci"	"Trmmol"	"VpdL"	"CTleaf"	"Area"	"BLC_1"	"StmRat"	"BLCond"	"Tair"	"Tleaf"	"TBlk"	"CO2R"	"CO2S"	"H2OR"	"H2OS"	"RH_R"	"RH_S"	"Flow"	"PARi"	"PARo"	"Press"	"CsMch"	"HsMch"	"StableF"	"BLCslope"	"BLCoffst"	"f_parin"	"f_parout"	"alphaK"	"Status"
"13:11:45 Launched AutoProg /User/Configs/AutoProgs/AutoLog2"
"13:11:47 Lamp: ParIn ->  2000 uml"
"13:11:47 CO2 Mixer: CO2R -> 400 uml"
"13:11:47 Coolers: Off"
"13:11:47 Flow: Fixed -> 400 umol/s"
1	"13:11:52"	32.5	1	27.1	0.0713	-223	1.61	1.79	32.32	0.61	2.61	1	5.21	30.91	30.59	30.83	399.57	395.34	37.203	37.440	67.98	68.41	399.9	1998	0	82.01	-14.1	1.56	0.3	-0.22	2.74	1.00	0.00	0.16	111115
2	"13:11:57"	38.0	1	27.2	0.112	-7.55	2.41	1.72	32.09	0.61	2.61	1	5.21	30.93	30.60	30.85	399.54	395.25	37.203	37.557	67.90	68.55	399.9	2001	0	82.01	-14.1	1.56	0.7	-0.22	2.74	1.00	0.00	0.16	111115
3	"13:12:02"	43.0	1	26.8	0.14	75.2	2.94	1.68	31.95	0.61	2.61	1	5.21	30.95	30.62	30.87	399.42	395.16	37.205	37.636	67.83	68.61	399.9	2001	0	82.01	-14.1	1.56	0.7	-0.22	2.74	1.00	0.00	0.16	111115
4	"13:12:07"	48.0	1	27.8	0.165	110	3.37	1.64	31.86	0.61	2.61	1	5.21	30.97	30.66	30.89	399.46	395.01	37.212	37.707	67.76	68.66	399.9	2001	0	82.01	-14.1	1.56	0.7	-0.22	2.74	1.00	0.00	0.16	111115
5	"13:12:13"	53.5	1	27.9	0.191	146	3.81	1.61	31.76	0.61	2.61	1	5.21	30.99	30.69	30.91	399.37	394.89	37.213	37.772	67.69	68.70	399.9	2000	0	82.01	-14.1	1.56	0.7	-0.22	2.74	1.00	0.00	0.16	111115
6	"13:12:18"	58.5	1	28.8	0.213	162	4.16	1.58	31.67	0.61	2.61	1	5.21	31.01	30.71	30.93	399.39	394.74	37.220	37.830	67.62	68.73	399.9	2000	0	82.01	-14.1	1.56	0.7	-0.22	2.74	1.00	0.00	0.16	111115
7	"13:12:23"	63.5	1	29	0.233	179	4.45	1.56	31.59	0.61	2.61	1	5.21	31.03	30.72	30.95	399.42	394.73	37.218	37.871	67.54	68.73	399.9	2000	0	82.01	-14.1	1.56	0.7	-0.22	2.74	1.00	0.00	0.16	111115
8	"13:12:28"	69.0	1	29.2	0.25	191	4.7	1.54	31.54	0.61	2.61	1	5.21	31.05	30.74	30.97	399.39	394.66	37.222	37.912	67.47	68.72	399.9	1999	0	82.01	-14.1	1.56	1.0	-0.22	2.74	1.00	0.00	0.16	111115
9	"13:12:33"	74.0	1	29.4	0.267	201	4.95	1.52	31.48	0.61	2.61	1	5.21	31.07	30.76	30.99	399.38	394.60	37.224	37.950	67.40	68.71	399.9	1999	0	82.01	-14.1	1.56	1.0	-0.22	2.74	1.00	0.00	0.16	111115
10	"13:12:38"	79.0	1	30.4	0.277	202	5.11	1.52	31.46	0.61	2.61	1	5.21	31.09	30.79	31.01	399.44	394.50	37.239	37.988	67.35	68.70	400.0	1998	0	82.01	-14.1	1.56	1.0	-0.22	2.74	1.00	0.00	0.16	111115
11	"13:12:44"	84.5	1	30.7	0.284	205	5.22	1.51	31.46	0.61	2.61	1	5.21	31.11	30.82	31.04	399.47	394.48	37.254	38.020	67.30	68.68	399.9	2000	0	82.01	-14.1	1.56	1.0	-0.22	2.74	1.00	0.00	0.16	111115
12	"13:12:49"	89.5	1	30.5	0.299	214	5.43	1.5	31.43	0.61	2.61	1	5.21	31.13	30.86	31.06	399.44	394.46	37.264	38.061	67.24	68.68	399.9	2000	0	82.01	-14.1	1.56	1.0	-0.22	2.74	1.00	0.00	0.16	111115
13	"13:12:54"	94.5	1	30.8	0.315	221	5.71	1.5	31.44	0.61	2.61	1	5.21	31.15	30.96	31.08	399.47	394.43	37.265	38.103	67.17	68.68	400.0	2000	0	82.01	-14.1	1.56	1.0	-0.22	2.74	1.00	0.00	0.16	111115
14	"13:12:59"	100.0	1	31	0.33	226	5.92	1.49	31.41	0.61	2.61	1	5.21	31.17	30.99	31.10	399.40	394.31	37.264	38.132	67.09	68.65	399.9	2000	0	82.01	-14.1	1.56	1.0	-0.22	2.74	1.00	0.00	0.16	111115
15	"13:13:04"	105.0	1	31.8	0.34	227	6.05	1.48	31.39	0.61	2.61	1	5.21	31.19	31.01	31.12	399.47	394.25	37.272	38.160	67.03	68.62	399.9	2000	0	82.01	-14.1	1.56	1.0	-0.22	2.74	1.00	0.00	0.16	111115
16	"13:13:09"	110.0	1	32	0.353	231	6.23	1.47	31.35	0.61	2.61	1	5.21	31.21	31.03	31.14	399.51	394.25	37.274	38.188	66.95	68.59	399.9	1999	0	82.01	-14.1	1.56	1.0	-0.22	2.74	1.00	0.00	0.16	111115
17	"13:13:15"	115.5	1	32.1	0.365	236	6.33	1.45	31.27	0.61	2.61	1	5.21	31.23	30.97	31.16	399.52	394.24	37.281	38.209	66.89	68.55	399.9	1999	0	82.01	-14.1	1.56	1.0	-0.22	2.74	1.00	0.00	0.16	111115
18	"13:13:20"	120.5	1	32.3	0.374	238	6.45	1.44	31.26	0.61	2.61	1	5.21	31.26	31.00	31.18	399.47	394.15	37.279	38.225	66.77	68.47	400.0	1999	0	82.01	-14.1	1.56	1.0	-0.22	2.74	1.00	0.00	0.16	111115
19	"13:13:25"	125.5	1	32.9	0.382	239	6.55	1.44	31.24	0.61	2.61	1	5.21	31.28	31.01	31.20	399.53	394.12	37.283	38.244	66.70	68.42	399.9	1999	0	82.01	-14.1	1.56	1.0	-0.22	2.74	1.00	0.00	0.16	111115
20	"13:13:30"	131.0	1	33.6	0.387	237	6.64	1.44	31.26	0.61	2.61	1	5.21	31.30	31.05	31.22	399.60	394.08	37.284	38.258	66.63	68.37	399.9	1999	0	82.01	-14.1	1.56	1.0	-0.22	2.74	1.00	0.00	0.16	111115
21	"13:13:35"	136.0	1	33	0.393	242	6.71	1.44	31.25	0.61	2.61	1	5.21	31.32	31.06	31.23	399.51	394.08	37.291	38.275	66.57	68.32	399.9	1999	0	82.01	-14.1	1.56	1.0	-0.22	2.74	1.00	0.00	0.16	111115
22	"13:13:40"	141.0	1	35	0.396	234	6.77	1.44	31.26	0.61	2.61	1	5.21	31.34	31.09	31.25	399.62	393.88	37.300	38.293	66.51	68.28	399.9	1999	0	82.01	-14.1	1.56	1.0	-0.22	2.74	1.00	0.00	0.16	111115
23	"13:13:46"	146.5	1	34.8	0.4	236	6.84	1.44	31.27	0.61	2.61	1	5.21	31.36	31.12	31.27	399.63	393.91	37.310	38.313	66.45	68.23	399.9	1999	0	82.01	-14.1	1.56	0.7	-0.22	2.74	1.00	0.00	0.16	111115
24	"13:13:51"	151.5	1	34.8	0.407	239	6.93	1.43	31.26	0.61	2.61	1	5.21	31.37	31.14	31.29	399.58	393.85	37.317	38.334	66.42	68.23	399.9	1999	0	82.01	-14.1	1.56	1.0	-0.22	2.74	1.00	0.00	0.16	111115
25	"13:13:56"	156.5	1	35.7	0.413	237	7.04	1.44	31.27	0.61	2.61	1	5.21	31.39	31.19	31.30	399.66	393.79	37.322	38.354	66.36	68.19	399.9	2001	0	82.01	-14.1	1.56	1.0	-0.22	2.74	1.00	0.00	0.16	111115
26	"13:14:01"	162.0	1	36.1	0.418	237	7.15	1.44	31.30	0.61	2.61	1	5.21	31.42	31.26	31.33	399.70	393.77	37.327	38.376	66.25	68.11	399.9	2000	0	82.01	-14.1	1.56	1.0	-0.22	2.74	1.00	0.00	0.16	111115
27	"13:14:06"	167.0	1	36.3	0.425	238	7.24	1.44	31.31	0.61	2.61	1	5.21	31.44	31.29	31.35	399.70	393.73	37.332	38.394	66.19	68.08	400.0	2000	0	82.02	-14.1	1.56	1.0	-0.22	2.74	1.00	0.00	0.16	111115
28	"13:14:11"	172.0	1	35.1	0.429	244	7.32	1.44	31.30	0.61	2.61	1	5.21	31.46	31.31	31.37	399.52	393.72	37.334	38.407	66.11	68.01	399.9	2000	0	82.01	-14.1	1.56	1.0	-0.22	2.74	1.00	0.00	0.16	111115
29	"13:14:17"	177.5	1	36.4	0.434	240	7.37	1.44	31.30	0.61	2.61	1	5.21	31.48	31.32	31.39	399.59	393.59	37.345	38.426	66.06	67.97	399.9	2000	0	82.01	-14.1	1.56	1.0	-0.22	2.74	1.00	0.00	0.16	111115
30	"13:14:22"	182.5	1	36.3	0.439	242	7.45	1.44	31.30	0.61	2.61	1	5.21	31.50	31.34	31.41	399.50	393.51	37.346	38.438	65.98	67.91	399.9	2000	0	82.01	-14.1	1.56	1.0	-0.22	2.74	1.00	0.00	0.16	111115
31	"13:14:27"	187.5	1	36.5	0.447	244	7.55	1.43	31.29	0.61	2.61	1	5.21	31.52	31.37	31.43	399.52	393.50	37.347	38.454	65.91	67.87	399.9	1999	0	82.01	-14.1	1.56	1.0	-0.22	2.74	1.00	0.00	0.16	111115
32	"13:14:32"	193.0	1	36.7	0.454	246	7.65	1.43	31.28	0.61	2.61	1	5.21	31.54	31.39	31.45	399.51	393.46	37.343	38.465	65.83	67.81	399.9	1999	0	82.01	-14.1	1.56	1.0	-0.22	2.74	1.00	0.00	0.16	111115
33	"13:14:37"	198.0	1	38.4	0.464	242	7.77	1.42	31.27	0.61	2.61	1	5.21	31.56	31.41	31.47	399.66	393.34	37.341	38.480	65.75	67.76	399.9	1999	0	82.01	-14.1	1.56	1.0	-0.22	2.74	1.00	0.00	0.16	111115
34	"13:14:42"	203.0	1	37.5	0.465	245	7.78	1.42	31.27	0.61	2.61	1	5.21	31.58	31.41	31.49	399.53	393.35	37.335	38.476	65.67	67.67	399.9	2000	0	82.01	-14.1	1.56	1.0	-0.22	2.74	1.00	0.00	0.16	111115
35	"13:14:47"	208.0	1	36.1	0.464	250	7.79	1.43	31.28	0.61	2.61	1	5.21	31.60	31.42	31.51	399.32	393.35	37.336	38.478	65.59	67.60	399.9	2000	0	82.01	-14.1	1.56	1.0	-0.22	2.74	1.00	0.00	0.16	111115
36	"13:14:53"	213.5	1	36.8	0.47	249	7.87	1.43	31.27	0.61	2.61	1	5.21	31.61	31.44	31.53	399.34	393.25	37.326	38.480	65.54	67.56	399.9	2000	0	82.01	-14.1	1.56	1.0	-0.22	2.74	1.00	0.00	0.16	111115
37	"13:14:58"	218.5	1	36.8	0.471	249	7.86	1.42	31.25	0.61	2.61	1	5.21	31.63	31.42	31.54	399.27	393.18	37.320	38.473	65.45	67.48	400.0	2000	0	82.01	-14.1	1.56	1.0	-0.22	2.74	1.00	0.00	0.16	111115
38	"13:15:03"	224.0	1	37.4	0.465	245	7.81	1.43	31.29	0.61	2.61	1	5.21	31.64	31.44	31.55	399.28	393.11	37.322	38.468	65.42	67.43	399.9	2000	0	82.01	-14.1	1.56	1.0	-0.22	2.74	1.00	0.00	0.16	111115
39	"13:15:08"	229.0	1	37.1	0.469	247	7.86	1.43	31.27	0.61	2.61	1	5.21	31.65	31.44	31.56	399.24	393.11	37.310	38.463	65.36	67.38	399.9	2000	0	82.01	-14.1	1.56	1.0	-0.22	2.74	1.00	0.00	0.16	111115
40	"13:15:13"	234.0	1	36.9	0.474	250	7.93	1.43	31.27	0.61	2.61	1	5.21	31.66	31.46	31.57	399.22	393.12	37.304	38.467	65.31	67.35	400.0	2000	0	82.01	-14.1	1.56	1.0	-0.22	2.74	1.00	0.00	0.16	111115
41	"13:15:19"	239.5	1	37.6	0.478	248	7.99	1.43	31.27	0.61	2.61	1	5.21	31.67	31.48	31.59	399.28	393.07	37.298	38.470	65.27	67.32	399.9	2000	0	82.01	-14.1	1.56	1.0	-0.22	2.74	1.00	0.00	0.16	111115
42	"13:15:24"	244.5	1	37.3	0.482	250	8.05	1.43	31.27	0.61	2.61	1	5.21	31.68	31.49	31.60	399.28	393.11	37.291	38.471	65.22	67.28	399.9	2000	0	82.01	-14.1	1.56	1.0	-0.22	2.74	1.00	0.00	0.16	111115
43	"13:15:29"	249.5	1	37.6	0.485	250	8.09	1.42	31.26	0.61	2.61	1	5.21	31.70	31.50	31.62	399.38	393.16	37.287	38.474	65.14	67.21	399.9	2000	0	82.01	-14.1	1.56	1.0	-0.22	2.74	1.00	0.00	0.16	111115
44	"13:15:34"	255.0	1	37.6	0.486	250	8.11	1.43	31.27	0.61	2.61	1	5.21	31.72	31.51	31.64	399.46	393.24	37.281	38.471	65.05	67.13	399.9	2000	0	82.01	-14.1	1.56	1.0	-0.22	2.74	1.00	0.00	0.16	111115
45	"13:15:39"	260.0	1	37.4	0.495	253	8.15	1.41	31.20	0.61	2.61	1	5.21	31.73	31.45	31.65	399.41	393.22	37.279	38.474	65.01	67.10	399.9	2000	0	82.01	-14.1	1.56	1.0	-0.22	2.74	1.00	0.00	0.16	111115
46	"13:15:44"	265.0	1	37.6	0.496	253	8.18	1.41	31.21	0.61	2.61	1	5.21	31.75	31.47	31.67	399.45	393.23	37.273	38.473	64.93	67.02	399.9	2000	0	82.01	-14.1	1.56	1.0	-0.22	2.74	1.00	0.00	0.16	111115
47	"13:15:50"	270.5	1	37.2	0.498	255	8.23	1.41	31.23	0.61	2.61	1	5.21	31.77	31.50	31.69	399.38	393.21	37.269	38.476	64.85	66.95	399.9	1999	0	82.01	-14.1	1.56	1.0	-0.22	2.74	1.00	0.00	0.16	111115
48	"13:15:55"	275.5	1	38.1	0.504	253	8.29	1.41	31.21	0.61	2.61	1	5.21	31.79	31.50	31.71	399.40	393.09	37.260	38.476	64.76	66.87	399.9	1999	0	82.01	-14.1	1.56	1.0	-0.22	2.74	1.00	0.00	0.16	111115
49	"13:16:00"	280.5	1	38.6	0.504	251	8.32	1.42	31.23	0.61	2.61	1	5.21	31.80	31.53	31.73	399.48	393.10	37.255	38.476	64.71	66.83	399.9	1999	0	82.01	-14.1	1.56	1.0	-0.22	2.74	1.00	0.00	0.16	111115
50	"13:16:05"	286.0	1	37.4	0.509	256	8.39	1.41	31.23	0.61	2.61	1	5.21	31.82	31.55	31.75	399.33	393.12	37.250	38.481	64.63	66.77	399.9	1999	0	82.01	-14.1	1.56	1.0	-0.22	2.74	1.00	0.00	0.16	111115
51	"13:16:10"	291.0	1	38.1	0.509	254	8.42	1.42	31.25	0.61	2.61	1	5.21	31.84	31.58	31.76	399.36	393.04	37.248	38.483	64.55	66.69	400.0	1999	0	82.01	-14.1	1.56	1.0	-0.22	2.74	1.00	0.00	0.16	111115
52	"13:16:15"	296.0	1	38.7	0.514	253	8.5	1.42	31.24	0.61	2.61	1	5.21	31.86	31.60	31.78	399.50	393.09	37.244	38.490	64.47	66.63	400.0	1998	0	82.01	-14.1	1.56	1.0	-0.22	2.74	1.00	0.00	0.16	111115
53	"13:16:21"	301.5	1	39.6	0.519	251	8.58	1.42	31.25	0.61	2.61	1	5.21	31.88	31.63	31.81	399.55	393.00	37.238	38.496	64.40	66.57	399.9	2000	0	82.02	-14.1	1.56	1.0	-0.22	2.74	1.00	0.00	0.16	111115
54	"13:16:26"	306.5	1	38.3	0.522	256	8.61	1.42	31.25	0.61	2.61	1	5.21	31.90	31.64	31.83	399.49	393.14	37.235	38.498	64.31	66.49	400.0	2000	0	82.01	-14.1	1.56	1.0	-0.22	2.74	1.00	0.00	0.16	111115
55	"13:16:31"	311.5	1	38.3	0.524	257	8.65	1.42	31.26	0.61	2.61	1	5.21	31.92	31.66	31.85	399.41	393.05	37.234	38.503	64.24	66.43	399.9	2000	0	82.01	-14.1	1.56	1.0	-0.22	2.74	1.00	0.00	0.16	111115
56	"13:16:36"	317.0	1	38.1	0.52	257	8.65	1.43	31.29	0.61	2.61	1	5.21	31.94	31.69	31.87	399.38	393.05	37.235	38.504	64.17	66.35	399.9	2000	0	82.01	-14.1	1.56	1.0	-0.22	2.74	1.00	0.00	0.16	111115
57	"13:16:41"	322.0	1	38.5	0.527	257	8.74	1.43	31.29	0.61	2.61	1	5.21	31.96	31.72	31.89	399.37	392.98	37.231	38.513	64.10	66.30	399.9	1999	0	82.02	-14.1	1.56	1.0	-0.22	2.74	1.00	0.00	0.16	111115
"13:16:47 Lamp: ParIn ->  2000 uml"
"13:16:47 CO2 Mixer: CO2R -> 400 uml"
"13:16:47 Coolers: Off"
"13:16:47 Flow: Fixed -> 400 umol/s"
