"OpenRecomp 6.1"
"/User/DataRO_053014_jh05_c36s"
"Thr Jun  5 2014 16:11:40"
"**************"
"OPEN 6.2.5"
"Fri May 30 2014 15:29:07"
<open><version>"6.2.5"</version></open>
<open><configfile>"/User/Configs/UserPrefs/LED 2x3 Broadleaf EB.xml"</configfile></open>
<open><light><source>"6400-02 or -02B LED Source"</source><par_in>1<sensor>"SI-3101"<cal>-0.89<actinity>1.00</actinity><transm>1.00</transm></cal></sensor><transm>1</transm></par_in><par_out>1<sensor>"Q44856"<cal>6.83</cal></sensor></par_out></light></open>
<open><comps><file>"/User/Configs/Comps/StdComps_6.1"<header>""</header><extras></extras></file><energybal>yes<f_parIn>1</f_parIn><f_parOut>0</f_parOut><alphaK>0.16</alphaK></energybal><bc_total>4.597<stomatal_ratio>1</stomatal_ratio><bc_oneside>2.298<type>2</type><table>"/Sys/Lib/StdBLCTable"</table><area>2</area><slope>-0.219565</slope><offset>2.73739</offset><fan>5</fan></bc_oneside></bc_total></comps></open>
<open><prompts><onlog>off</onlog><items>"Default (none)"</items></prompts></open>
<open><constants><oxygen>21 %</oxygen><bb_vapor>1.5</bb_vapor><bb_oxy>0.9</bb_oxy></constants></open>
<open><stability><items>"Std Stability"<items[1]><id>-2</id><size>15</size><pcv><onoff>0</onoff><value>1</value></pcv><std><onoff>0</onoff><value>1</value></std><slp><onoff>1</onoff><value>1</value></slp></items[1]><items[2]><id>-5</id><size>15</size><pcv><onoff>0</onoff><value>1</value></pcv><std><onoff>0</onoff><value>1</value></std><slp><onoff>1</onoff><value>1</value></slp></items[2]><items[3]><id>-7</id><size>15</size><pcv><onoff>0</onoff><value>1</value></pcv><std><onoff>0</onoff><value>1</value></std><slp><onoff>1</onoff><value>1</value></slp></items[3]></items></stability></open>
<open><log><format>"StdLogFmt_6.0"<items>{ -35 -21 -36 -76 30 23 36 21 25 221 -33 111 -34 11 -9 -10 -8 -1 -2 -4 -5 -14 -15 -7 -12 -13 -11 -65 -66 -72 -18 -19 -77 -78 -79 -23  }<hdr>{  }</hdr></items></format><options><beep>on</beep><hdr>normal</hdr><rem>normal</rem><stab>no</stab><stats>no<mean>no</mean><file>no</file><period>15</period></stats><excel>yes</excel><controls>yes</controls><comm>no</comm></options><datafile>"/User/DataRO_053014_jh05_c36s"</datafile><button><action>"Normal Log"<code>" LogOneObsManual "</code></action></button><autoprog>"/User/Configs/AutoProgs/AutoLog2"<active>no</active></autoprog></log></open>
<open><a2d><avgtime>4.0 secs</avgtime><userchans><ch20>"Off"</ch20><ch21>"Off"</ch21><ch22>"Off"</ch22><ch23>"Off"</ch23></userchans></a2d></open>
<open><matching><type>0</type><disp>'a'</disp><settings><CO2Limit>10.0</CO2Limit><H2OLimit>1.0</H2OLimit><MaxAutoTime>60</MaxAutoTime></settings></matching></open>
<li6400><factory><unit>"PSC-3143"</unit><serviced>"8 Mar 2011"</serviced><fuseaware>0</fuseaware><co2mixer>yes</co2mixer><co2><coeffs>{ 0 0.213824 2.35017e-05 2.07122e-08 -3.49697e-12 3.25504e-16  }</coeffs><dvdt>-3.5</dvdt><xs>{ 0.0006 -0.0003  }</xs></co2><h2o><coeffs>{ 0 0.00583775 2.0458e-06 9.30148e-11  }</coeffs><dvdt>-0.9</dvdt><xs>{ 0.0007 -0.0017  }</xs></h2o><flow>{ 0 0.37  }</flow><press>{ 87.338 0.0055  }</press></factory></li6400>
<li6400><user><flow_zero>-35.0</flow_zero><irga_zero><co2>901.5 -815.3<at>25.8989</at></co2><h2o>4.1 -503.2<at>21.1119</at></h2o></irga_zero><irga_span><co2>{ 0.991086 0.993135  }</co2><h2o>{ 1.00408 0.997584  }</h2o></irga_span><irga_match><co2>{ -3.90869 -14.1628  }</co2><h2o>{ 0.0465232 1.53093  }</h2o></irga_match><co2_mixer><pump_mv>4500</pump_mv><ppm>{ 2434.39 1093.37 394.698 226.439 84.8806 35.4631 12.0808 8.4591  }</ppm><mv>{ 5000 3000 1500 1000 500 300 200 100  }</mv></co2_mixer><parin_offset>-1.77139</parin_offset><led_cal><unit>"SI-3101"</unit><mv>{ 10 25 50 100 1000 2000 3000 4000 5000  }</mv><qntm>{ 1.951 12.0575 30.6597 74.5522 925.175 1836.15 2700.41 3524.78 4287.11  }</qntm></led_cal><lcf_cal><unit>"LCF-1411"</unit><red><mv>{ 50 100 200 400 800 1500  }</mv><qntm>{ 67.5959 152.988 327.042 689.376 1428 2676.31  }</qntm></red><blue><mv>{ 100 500 1000 2000 3000 4000 5000  }</mv><qntm>{ 5.32999 36.7918 67.8478 118.819 164.48 203.6 238.997  }</qntm></blue></lcf_cal></user></li6400>
"15:29:09 "
$STARTOFDATA$
"Obs"	"HHMMSS"	"FTime"	"EBal?"	"Photo"	"Cond"	"Ci"	"Trmmol"	"VpdL"	"CTleaf"	"Area"	"BLC_1"	"StmRat"	"BLCond"	"Tair"	"Tleaf"	"TBlk"	"CO2R"	"CO2S"	"H2OR"	"H2OS"	"RH_R"	"RH_S"	"Flow"	"PARi"	"PARo"	"Press"	"CsMch"	"HsMch"	"StableF"	"BLCslope"	"BLCoffst"	"f_parin"	"f_parout"	"alphaK"	"Status"
"15:29:10 Launched AutoProg /User/Configs/AutoProgs/AutoLog2"
"15:29:12 Lamp: ParIn ->  2000 uml"
"15:29:12 CO2 Mixer: CO2R -> 400 uml"
"15:29:12 Coolers: Off"
"15:29:12 Flow: Fixed -> 400 umol/s"
1	"15:29:17"	29.5	1	30	0.639	293	14.2	2.05	34.00	1.11	2.5	1	4.99	36.14	36.24	36.03	399.63	389.76	34.453	38.255	49.26	54.70	399.9	1958	0	86	-14.2	1.53	0.3	-0.22	2.74	1.00	0.00	0.16	111115
2	"15:29:22"	34.5	1	30.6	0.665	294	14.6	2.03	33.97	1.11	2.5	1	4.99	36.16	36.28	36.05	399.98	389.90	34.470	38.367	49.23	54.80	400.0	1995	0	86	-14.2	1.53	0.7	-0.22	2.74	1.00	0.00	0.16	111115
3	"15:29:27"	39.5	1	30	0.689	299	14.9	2.01	33.92	1.11	2.5	1	4.99	36.19	36.32	36.09	400.03	390.08	34.488	38.462	49.18	54.84	400.0	1996	0	86	-14.2	1.53	0.7	-0.22	2.74	1.00	0.00	0.16	111115
4	"15:29:32"	45.0	1	30.3	0.709	300	15.1	1.99	33.88	1.11	2.5	1	4.99	36.22	36.35	36.12	400.20	390.15	34.515	38.553	49.13	54.88	400.0	2000	0	86	-14.2	1.53	0.3	-0.22	2.74	1.00	0.00	0.16	111115
5	"15:29:37"	50.0	1	30.2	0.723	302	15.3	1.98	33.86	1.11	2.5	1	4.99	36.25	36.39	36.15	400.22	390.17	34.536	38.620	49.08	54.89	399.9	2000	0	86	-14.2	1.53	1.0	-0.22	2.74	1.00	0.00	0.16	111115
6	"15:29:42"	55.0	1	29.9	0.738	304	15.5	1.97	33.83	1.11	2.5	1	4.99	36.29	36.42	36.19	400.24	390.25	34.553	38.686	49.00	54.86	399.9	2000	0	86	-14.2	1.53	1.0	-0.22	2.74	1.00	0.00	0.16	111115
7	"15:29:48"	60.5	1	30	0.753	305	15.7	1.95	33.81	1.11	2.5	1	4.99	36.32	36.45	36.22	400.24	390.23	34.574	38.750	48.95	54.86	400.0	1999	0	86	-14.2	1.53	1.0	-0.22	2.74	1.00	0.00	0.16	111115
8	"15:29:53"	65.5	1	29.8	0.763	306	15.8	1.95	33.80	1.11	2.5	1	4.99	36.35	36.48	36.26	400.19	390.20	34.588	38.798	48.89	54.84	399.9	1999	0	86	-14.2	1.53	1.0	-0.22	2.74	1.00	0.00	0.16	111115
9	"15:29:58"	70.5	1	29.9	0.772	307	15.9	1.94	33.80	1.11	2.5	1	4.99	36.38	36.52	36.29	400.22	390.19	34.606	38.847	48.83	54.82	400.0	1998	0	86	-14.2	1.53	1.0	-0.22	2.74	1.00	0.00	0.16	111115
10	"15:30:03"	76.0	1	29.8	0.778	308	16	1.94	33.81	1.11	2.5	1	4.99	36.42	36.55	36.33	400.20	390.19	34.636	38.901	48.77	54.77	399.9	2000	0	86	-14.2	1.53	1.0	-0.22	2.74	1.00	0.00	0.16	111115
11	"15:30:08"	81.0	1	29.8	0.785	308	16.1	1.94	33.81	1.11	2.5	1	4.99	36.45	36.58	36.36	400.15	390.13	34.658	38.949	48.72	54.75	399.9	2001	0	86	-14.2	1.53	1.0	-0.22	2.74	1.00	0.00	0.16	111115
12	"15:30:13"	86.0	1	30.2	0.79	308	16.2	1.94	33.82	1.11	2.5	1	4.99	36.48	36.61	36.39	400.23	390.10	34.684	38.994	48.67	54.72	399.9	2001	0	86	-14.2	1.53	1.0	-0.22	2.74	1.00	0.00	0.16	111115
13	"15:30:19"	91.5	1	30.4	0.795	307	16.2	1.93	33.83	1.11	2.5	1	4.99	36.52	36.65	36.43	400.22	390.01	34.712	39.046	48.61	54.68	399.9	2001	0	86	-14.2	1.53	1.0	-0.22	2.74	1.00	0.00	0.16	111115
14	"15:30:24"	96.5	1	30.3	0.804	308	16.3	1.93	33.82	1.11	2.5	1	4.99	36.55	36.67	36.46	400.23	390.05	34.733	39.091	48.56	54.65	399.9	2000	0	86	-14.2	1.53	1.0	-0.22	2.74	1.00	0.00	0.16	111115
15	"15:30:29"	101.5	1	30.3	0.809	309	16.4	1.92	33.82	1.11	2.5	1	4.99	36.58	36.69	36.49	400.22	390.04	34.758	39.133	48.51	54.62	400.0	2000	0	86	-14.2	1.53	1.0	-0.22	2.74	1.00	0.00	0.16	111115
16	"15:30:34"	107.0	1	30.6	0.807	308	16.4	1.93	33.87	1.11	2.5	1	4.99	36.61	36.75	36.52	400.22	389.96	34.796	39.181	48.49	54.60	399.9	2000	0	86	-14.2	1.53	1.0	-0.22	2.74	1.00	0.00	0.16	111115
17	"15:30:39"	112.0	1	30.5	0.811	308	16.5	1.93	33.87	1.11	2.5	1	4.99	36.64	36.77	36.55	400.24	389.98	34.826	39.225	48.45	54.57	399.9	2000	0	86	-14.2	1.53	1.0	-0.22	2.74	1.00	0.00	0.16	111115
18	"15:30:44"	117.0	1	30.5	0.819	309	16.6	1.93	33.87	1.11	2.5	1	4.99	36.67	36.80	36.58	400.22	389.96	34.852	39.276	48.40	54.55	400.0	2000	0	86	-14.2	1.53	1.0	-0.22	2.74	1.00	0.00	0.16	111115
19	"15:30:50"	122.5	1	30.5	0.823	309	16.7	1.92	33.87	1.11	2.5	1	4.99	36.71	36.82	36.62	400.22	389.96	34.882	39.321	48.34	54.49	400.0	1999	0	86	-14.2	1.53	1.0	-0.22	2.74	1.00	0.00	0.16	111115
20	"15:30:55"	127.5	1	30.3	0.826	310	16.7	1.92	33.88	1.11	2.5	1	4.99	36.74	36.84	36.65	400.17	389.96	34.911	39.361	48.30	54.46	399.9	1999	0	86	-14.2	1.53	1.0	-0.22	2.74	1.00	0.00	0.16	111115
21	"15:31:00"	132.5	1	30.9	0.826	309	16.7	1.92	33.90	1.11	2.5	1	4.99	36.76	36.86	36.68	400.22	389.84	34.945	39.397	48.29	54.45	400.0	1999	0	86	-14.2	1.53	1.0	-0.22	2.74	1.00	0.00	0.16	111115
22	"15:31:05"	138.0	1	31.2	0.827	308	16.7	1.92	33.91	1.11	2.5	1	4.99	36.79	36.87	36.71	400.18	389.71	34.987	39.442	48.27	54.42	399.9	1999	0	86	-14.2	1.53	0.7	-0.22	2.74	1.00	0.00	0.16	111115
23	"15:31:10"	143.0	1	31	0.827	308	16.7	1.93	33.92	1.11	2.5	1	4.99	36.82	36.89	36.74	400.10	389.68	35.025	39.484	48.25	54.39	399.9	2000	0	86	-14.2	1.53	1.0	-0.22	2.74	1.00	0.00	0.16	111115
24	"15:31:15"	148.0	1	31.1	0.83	308	16.8	1.92	33.93	1.11	2.5	1	4.99	36.84	36.90	36.77	400.07	389.62	35.055	39.523	48.24	54.38	399.9	2000	0	86	-14.2	1.53	1.0	-0.22	2.74	1.00	0.00	0.16	111115
25	"15:31:21"	153.5	1	31.1	0.834	308	16.8	1.92	33.93	1.11	2.5	1	4.99	36.86	36.91	36.79	400.02	389.57	35.090	39.565	48.23	54.38	400.0	2000	0	86	-14.2	1.53	1.0	-0.22	2.74	1.00	0.00	0.16	111115
26	"15:31:26"	158.5	1	31.4	0.833	308	16.8	1.92	33.94	1.11	2.5	1	4.99	36.89	36.92	36.82	400.03	389.51	35.128	39.602	48.20	54.34	400.0	2000	0	86	-14.2	1.53	1.0	-0.22	2.74	1.00	0.00	0.16	111115
27	"15:31:31"	163.5	1	31.3	0.832	308	16.8	1.92	33.96	1.11	2.5	1	4.99	36.91	36.95	36.84	400.06	389.55	35.161	39.639	48.20	54.33	400.0	2001	0	86	-14.2	1.53	1.0	-0.22	2.74	1.00	0.00	0.16	111115
28	"15:31:36"	169.0	1	31.5	0.837	308	16.8	1.92	33.96	1.11	2.5	1	4.99	36.93	36.95	36.87	400.05	389.48	35.197	39.684	48.19	54.34	399.9	2001	0	86	-14.2	1.53	1.0	-0.22	2.74	1.00	0.00	0.16	111115
29	"15:31:41"	174.0	1	31.7	0.837	307	16.8	1.92	33.97	1.11	2.5	1	4.99	36.95	36.97	36.89	400.05	389.42	35.232	39.721	48.19	54.33	400.0	2001	0	86	-14.2	1.53	1.0	-0.22	2.74	1.00	0.00	0.16	111115
30	"15:31:46"	179.0	1	31.4	0.836	308	16.8	1.92	33.98	1.11	2.5	1	4.99	36.97	36.98	36.91	399.95	389.42	35.265	39.753	48.18	54.31	400.0	2001	0	86	-14.2	1.53	1.0	-0.22	2.74	1.00	0.00	0.16	111115
31	"15:31:52"	184.5	1	31.6	0.841	308	16.9	1.92	33.99	1.11	2.5	1	4.99	36.99	37.01	36.93	399.96	389.37	35.297	39.803	48.17	54.32	399.9	2001	0	86	-14.2	1.53	1.0	-0.22	2.74	1.00	0.00	0.16	111115
32	"15:31:57"	189.5	1	32.2	0.842	306	16.9	1.92	34.01	1.11	2.5	1	4.99	37.01	37.03	36.95	400.08	389.31	35.322	39.835	48.15	54.31	399.9	2001	0	86	-14.2	1.53	1.0	-0.22	2.74	1.00	0.00	0.16	111115
33	"15:32:02"	194.5	1	32.2	0.842	307	17	1.92	34.03	1.11	2.5	1	4.99	37.03	37.06	36.98	400.05	389.29	35.359	39.878	48.15	54.31	400.0	2000	0	86	-14.2	1.53	1.0	-0.22	2.74	1.00	0.00	0.16	111115
34	"15:32:07"	200.0	1	32	0.841	307	17	1.92	34.04	1.11	2.5	1	4.99	37.05	37.08	37.00	400.02	389.31	35.396	39.916	48.15	54.30	400.0	2001	0	86	-14.2	1.53	1.0	-0.22	2.74	1.00	0.00	0.16	111115
35	"15:32:12"	205.0	1	32.6	0.844	306	17	1.92	34.05	1.11	2.5	1	4.99	37.08	37.10	37.03	400.12	389.25	35.434	39.964	48.12	54.27	400.0	2000	0	86	-14.2	1.53	1.0	-0.22	2.74	1.00	0.00	0.16	111115
36	"15:32:17"	210.0	1	32.5	0.846	306	17	1.92	34.06	1.11	2.5	1	4.99	37.10	37.11	37.05	400.16	389.29	35.469	40.005	48.12	54.27	399.9	2000	0	86	-14.2	1.53	1.0	-0.22	2.74	1.00	0.00	0.16	111115
37	"15:32:23"	215.5	1	32.7	0.849	306	17.1	1.92	34.07	1.11	2.5	1	4.99	37.12	37.14	37.08	400.10	389.17	35.502	40.049	48.11	54.27	400.0	2000	0	86	-14.2	1.53	1.0	-0.22	2.74	1.00	0.00	0.16	111115
38	"15:32:28"	220.5	1	33	0.848	305	17.1	1.92	34.09	1.11	2.5	1	4.99	37.14	37.16	37.10	400.14	389.15	35.539	40.089	48.11	54.27	400.0	2000	0	86	-14.2	1.53	1.0	-0.22	2.74	1.00	0.00	0.16	111115
39	"15:32:33"	225.5	1	32.8	0.85	306	17.1	1.92	34.10	1.11	2.5	1	4.99	37.16	37.18	37.12	400.11	389.17	35.572	40.129	48.10	54.26	400.0	2000	0	86	-14.2	1.53	1.0	-0.22	2.74	1.00	0.00	0.16	111115
40	"15:32:38"	231.0	1	33.2	0.851	305	17.1	1.92	34.11	1.11	2.5	1	4.99	37.19	37.19	37.14	400.14	389.07	35.605	40.166	48.07	54.22	400.0	2001	0	86	-14.2	1.53	1.0	-0.22	2.74	1.00	0.00	0.16	111115
41	"15:32:43"	236.0	1	33.4	0.853	304	17.1	1.92	34.11	1.11	2.5	1	4.99	37.21	37.20	37.16	400.15	389.03	35.640	40.205	48.06	54.22	399.9	2000	0	86	-14.2	1.53	1.0	-0.22	2.74	1.00	0.00	0.16	111115
42	"15:32:49"	241.5	1	33.4	0.854	305	17.2	1.92	34.12	1.11	2.5	1	4.99	37.23	37.22	37.19	400.14	389.03	35.675	40.247	48.05	54.21	400.0	2000	0	85.99	-14.2	1.53	1.0	-0.22	2.74	1.00	0.00	0.16	111115
43	"15:32:54"	246.5	1	33.6	0.858	304	17.2	1.92	34.13	1.11	2.5	1	4.99	37.25	37.24	37.21	400.12	388.94	35.705	40.290	48.04	54.21	399.9	2000	0	85.99	-14.2	1.53	1.0	-0.22	2.74	1.00	0.00	0.16	111115
44	"15:32:59"	251.5	1	33.5	0.856	304	17.2	1.92	34.16	1.11	2.5	1	4.99	37.27	37.28	37.23	400.12	388.96	35.736	40.326	48.03	54.20	399.9	2000	0	86	-14.2	1.53	1.0	-0.22	2.74	1.00	0.00	0.16	111115
45	"15:33:04"	257.0	1	33.7	0.858	304	17.3	1.92	34.17	1.11	2.5	1	4.99	37.29	37.30	37.25	400.07	388.86	35.770	40.369	48.03	54.20	399.9	2000	0	86	-14.2	1.53	1.0	-0.22	2.74	1.00	0.00	0.16	111115
46	"15:33:09"	262.0	1	33.7	0.863	304	17.3	1.92	34.18	1.11	2.5	1	4.99	37.31	37.33	37.28	400.12	388.89	35.799	40.415	48.01	54.20	399.9	2000	0	86	-14.2	1.53	1.0	-0.22	2.74	1.00	0.00	0.16	111115
47	"15:33:14"	267.0	1	33.9	0.863	304	17.3	1.92	34.20	1.11	2.5	1	4.99	37.34	37.35	37.30	400.12	388.85	35.831	40.452	47.97	54.16	399.9	2000	0	85.99	-14.2	1.53	1.0	-0.22	2.74	1.00	0.00	0.16	111115
48	"15:33:20"	272.5	1	34.5	0.866	303	17.4	1.92	34.20	1.11	2.5	1	4.99	37.36	37.37	37.32	400.22	388.78	35.862	40.493	47.96	54.15	400.0	2000	0	85.99	-14.2	1.53	1.0	-0.22	2.74	1.00	0.00	0.16	111115
49	"15:33:25"	277.5	1	34.8	0.873	303	17.5	1.92	34.20	1.11	2.5	1	4.99	37.39	37.40	37.35	400.28	388.74	35.881	40.536	47.91	54.13	400.0	2000	0	86	-14.2	1.53	1.0	-0.22	2.74	1.00	0.00	0.16	111115
50	"15:33:30"	282.5	1	34.2	0.873	304	17.5	1.92	34.22	1.11	2.5	1	4.99	37.41	37.41	37.37	400.16	388.77	35.911	40.565	47.90	54.11	400.0	1999	0	86	-14.2	1.53	1.0	-0.22	2.74	1.00	0.00	0.16	111115
51	"15:33:35"	288.0	1	34.3	0.872	303	17.5	1.93	34.25	1.11	2.5	1	4.99	37.44	37.46	37.40	400.13	388.71	35.947	40.613	47.87	54.08	399.9	1999	0	86	-14.2	1.53	1.0	-0.22	2.74	1.00	0.00	0.16	111115
52	"15:33:40"	293.0	1	35	0.878	303	17.6	1.92	34.25	1.11	2.5	1	4.99	37.46	37.48	37.43	400.22	388.62	35.971	40.655	47.85	54.08	399.9	1999	0	86	-14.2	1.53	1.0	-0.22	2.74	1.00	0.00	0.16	111115
53	"15:33:45"	298.0	1	35	0.886	303	17.7	1.91	34.24	1.11	2.5	1	4.99	37.49	37.49	37.46	400.22	388.61	35.997	40.700	47.81	54.05	399.9	2000	0	86	-14.2	1.53	1.0	-0.22	2.74	1.00	0.00	0.16	111115
54	"15:33:51"	303.5	1	35.3	0.885	302	17.7	1.92	34.27	1.11	2.5	1	4.99	37.52	37.53	37.48	400.23	388.53	36.020	40.732	47.76	54.01	400.0	2001	0	86	-14.2	1.53	1.0	-0.22	2.74	1.00	0.00	0.16	111115
55	"15:33:56"	308.5	1	35.3	0.891	303	17.8	1.91	34.26	1.11	2.5	1	4.99	37.54	37.54	37.51	400.24	388.53	36.047	40.775	47.74	54.01	399.9	2000	0	86	-14.2	1.53	1.0	-0.22	2.74	1.00	0.00	0.16	111115
56	"15:34:01"	313.5	1	35.4	0.89	302	17.8	1.92	34.29	1.11	2.5	1	4.99	37.57	37.58	37.54	400.20	388.46	36.077	40.813	47.71	53.97	399.9	2000	0	86	-14.2	1.53	1.0	-0.22	2.74	1.00	0.00	0.16	111115
57	"15:34:06"	319.0	1	36.3	0.895	301	17.8	1.92	34.29	1.11	2.5	1	4.99	37.60	37.59	37.57	400.51	388.52	36.107	40.854	47.66	53.93	400.0	1999	0	85.99	-14.2	1.53	1.0	-0.22	2.74	1.00	0.00	0.16	111115
58	"15:34:11"	324.0	1	35.5	0.894	303	17.9	1.92	34.32	1.11	2.5	1	4.99	37.62	37.64	37.59	400.49	388.71	36.136	40.894	47.65	53.92	400.0	1999	0	85.99	-14.2	1.53	1.0	-0.22	2.74	1.00	0.00	0.16	111115
59	"15:34:16"	329.0	1	35.3	0.897	303	17.9	1.92	34.33	1.11	2.5	1	4.99	37.65	37.66	37.62	400.38	388.64	36.167	40.937	47.62	53.90	400.0	1999	0	86	-14.2	1.53	0.7	-0.22	2.74	1.00	0.00	0.16	111115
60	"15:34:22"	334.5	1	35.6	0.899	303	18	1.92	34.34	1.11	2.5	1	4.99	37.68	37.68	37.65	400.35	388.54	36.197	40.977	47.57	53.86	399.9	1999	0	85.99	-14.2	1.53	1.0	-0.22	2.74	1.00	0.00	0.16	111115
61	"15:34:27"	339.5	1	36.9	0.905	300	18	1.92	34.34	1.11	2.5	1	4.99	37.71	37.71	37.68	400.48	388.31	36.222	41.021	47.53	53.83	400.0	1999	0	85.99	-14.2	1.53	0.7	-0.22	2.74	1.00	0.00	0.16	111115
62	"15:34:32"	344.5	1	35.9	0.909	303	18.1	1.92	34.35	1.11	2.5	1	4.99	37.74	37.73	37.71	400.35	388.43	36.255	41.067	47.49	53.80	400.0	1999	0	85.99	-14.2	1.53	1.0	-0.22	2.74	1.00	0.00	0.16	111115
63	"15:34:37"	350.0	1	36.8	0.91	301	18.1	1.92	34.37	1.11	2.5	1	4.99	37.77	37.76	37.74	400.43	388.26	36.290	41.112	47.47	53.78	400.0	2001	0	86	-14.2	1.53	1.0	-0.22	2.74	1.00	0.00	0.16	111115
64	"15:34:42"	355.0	1	36.3	0.909	302	18.1	1.92	34.39	1.11	2.5	1	4.99	37.79	37.78	37.77	400.35	388.33	36.329	41.152	47.46	53.76	400.0	2001	0	85.99	-14.2	1.53	1.0	-0.22	2.74	1.00	0.00	0.16	111115
65	"15:34:48"	360.5	1	36.6	0.913	301	18.2	1.92	34.39	1.11	2.5	1	4.99	37.82	37.80	37.80	400.34	388.23	36.359	41.197	47.42	53.73	399.9	2001	0	85.99	-14.2	1.53	1.0	-0.22	2.74	1.00	0.00	0.16	111115
66	"15:34:53"	366.0	1	37.3	0.914	300	18.2	1.92	34.40	1.11	2.5	1	4.99	37.85	37.81	37.83	400.44	388.12	36.404	41.242	47.41	53.71	400.0	2001	0	85.99	-14.2	1.53	1.0	-0.22	2.74	1.00	0.00	0.16	111115
"15:34:59 Lamp: ParIn ->  2000 uml"
"15:34:59 CO2 Mixer: CO2R -> 400 uml"
"15:34:59 Coolers: Off"
"15:34:59 Flow: Fixed -> 400 umol/s"
