"OpenRecomp 6.1"
"/User/DataRO_053014_OI19_c16c"
"Thr Jun  5 2014 16:14:38"
"**************"
"OPEN 6.2.5"
"Fri May 30 2014 14:16:44"
<open><version>"6.2.5"</version></open>
<open><configfile>"/User/Configs/UserPrefs/LED 2x3 Broadleaf EB.xml"</configfile></open>
<open><light><source>"6400-02 or -02B LED Source"</source><par_in>1<sensor>"SI-3101"<cal>-0.89<actinity>1.00</actinity><transm>1.00</transm></cal></sensor><transm>1</transm></par_in><par_out>1<sensor>"Q44856"<cal>6.83</cal></sensor></par_out></light></open>
<open><comps><file>"/User/Configs/Comps/StdComps_6.1"<header>""</header><extras></extras></file><energybal>yes<f_parIn>1</f_parIn><f_parOut>0</f_parOut><alphaK>0.16</alphaK></energybal><bc_total>4.597<stomatal_ratio>1</stomatal_ratio><bc_oneside>2.298<type>2</type><table>"/Sys/Lib/StdBLCTable"</table><area>2</area><slope>-0.219565</slope><offset>2.73739</offset><fan>5</fan></bc_oneside></bc_total></comps></open>
<open><prompts><onlog>off</onlog><items>"Default (none)"</items></prompts></open>
<open><constants><oxygen>21 %</oxygen><bb_vapor>1.5</bb_vapor><bb_oxy>0.9</bb_oxy></constants></open>
<open><stability><items>"Std Stability"<items[1]><id>-2</id><size>15</size><pcv><onoff>0</onoff><value>1</value></pcv><std><onoff>0</onoff><value>1</value></std><slp><onoff>1</onoff><value>1</value></slp></items[1]><items[2]><id>-5</id><size>15</size><pcv><onoff>0</onoff><value>1</value></pcv><std><onoff>0</onoff><value>1</value></std><slp><onoff>1</onoff><value>1</value></slp></items[2]><items[3]><id>-7</id><size>15</size><pcv><onoff>0</onoff><value>1</value></pcv><std><onoff>0</onoff><value>1</value></std><slp><onoff>1</onoff><value>1</value></slp></items[3]></items></stability></open>
<open><log><format>"StdLogFmt_6.0"<items>{ -35 -21 -36 -76 30 23 36 21 25 221 -33 111 -34 11 -9 -10 -8 -1 -2 -4 -5 -14 -15 -7 -12 -13 -11 -65 -66 -72 -18 -19 -77 -78 -79 -23  }<hdr>{  }</hdr></items></format><options><beep>on</beep><hdr>normal</hdr><rem>normal</rem><stab>no</stab><stats>no<mean>no</mean><file>no</file><period>15</period></stats><excel>yes</excel><controls>yes</controls><comm>no</comm></options><datafile>"/User/DataRO_053014_OI19_c16c"</datafile><button><action>"Normal Log"<code>" LogOneObsManual "</code></action></button><autoprog>"/User/Configs/AutoProgs/AutoLog2"<active>no</active></autoprog></log></open>
<open><a2d><avgtime>4.0 secs</avgtime><userchans><ch20>"Off"</ch20><ch21>"Off"</ch21><ch22>"Off"</ch22><ch23>"Off"</ch23></userchans></a2d></open>
<open><matching><type>0</type><disp>'a'</disp><settings><CO2Limit>10.0</CO2Limit><H2OLimit>1.0</H2OLimit><MaxAutoTime>60</MaxAutoTime></settings></matching></open>
<li6400><factory><unit>"PSC-3143"</unit><serviced>"8 Mar 2011"</serviced><fuseaware>0</fuseaware><co2mixer>yes</co2mixer><co2><coeffs>{ 0 0.213824 2.35017e-05 2.07122e-08 -3.49697e-12 3.25504e-16  }</coeffs><dvdt>-3.5</dvdt><xs>{ 0.0006 -0.0003  }</xs></co2><h2o><coeffs>{ 0 0.00583775 2.0458e-06 9.30148e-11  }</coeffs><dvdt>-0.9</dvdt><xs>{ 0.0007 -0.0017  }</xs></h2o><flow>{ 0 0.37  }</flow><press>{ 87.338 0.0055  }</press></factory></li6400>
<li6400><user><flow_zero>-35.0</flow_zero><irga_zero><co2>901.5 -815.3<at>25.8989</at></co2><h2o>4.1 -503.2<at>21.1119</at></h2o></irga_zero><irga_span><co2>{ 0.991086 0.993135  }</co2><h2o>{ 1.00408 0.997584  }</h2o></irga_span><irga_match><co2>{ -3.90869 -14.1628  }</co2><h2o>{ 0.0465232 1.53093  }</h2o></irga_match><co2_mixer><pump_mv>4500</pump_mv><ppm>{ 2434.39 1093.37 394.698 226.439 84.8806 35.4631 12.0808 8.4591  }</ppm><mv>{ 5000 3000 1500 1000 500 300 200 100  }</mv></co2_mixer><parin_offset>-1.77139</parin_offset><led_cal><unit>"SI-3101"</unit><mv>{ 10 25 50 100 1000 2000 3000 4000 5000  }</mv><qntm>{ 1.951 12.0575 30.6597 74.5522 925.175 1836.15 2700.41 3524.78 4287.11  }</qntm></led_cal><lcf_cal><unit>"LCF-1411"</unit><red><mv>{ 50 100 200 400 800 1500  }</mv><qntm>{ 67.5959 152.988 327.042 689.376 1428 2676.31  }</qntm></red><blue><mv>{ 100 500 1000 2000 3000 4000 5000  }</mv><qntm>{ 5.32999 36.7918 67.8478 118.819 164.48 203.6 238.997  }</qntm></blue></lcf_cal></user></li6400>
"14:16:46 "
$STARTOFDATA$
"Obs"	"HHMMSS"	"FTime"	"EBal?"	"Photo"	"Cond"	"Ci"	"Trmmol"	"VpdL"	"CTleaf"	"Area"	"BLC_1"	"StmRat"	"BLCond"	"Tair"	"Tleaf"	"TBlk"	"CO2R"	"CO2S"	"H2OR"	"H2OS"	"RH_R"	"RH_S"	"Flow"	"PARi"	"PARo"	"Press"	"CsMch"	"HsMch"	"StableF"	"BLCslope"	"BLCoffst"	"f_parin"	"f_parout"	"alphaK"	"Status"
"14:16:46 Launched AutoProg /User/Configs/AutoProgs/AutoLog2"
"14:16:47 Lamp: ParIn ->  2000 uml"
"14:16:47 CO2 Mixer: CO2R -> 400 uml"
"14:16:47 Coolers: Off"
"14:16:47 Flow: Fixed -> 400 umol/s"
1	"14:16:53"	19.5	1	27.8	0.0394	-737	1.35	2.7	36.39	1.1	2.5	1	5	35.23	34.48	35.20	399.23	391.43	40.871	41.228	58.98	59.50	400.0	2000	0	82.56	-14.2	1.53	0.7	-0.22	2.74	1.00	0.00	0.16	111115
2	"14:16:58"	25.0	1	26.9	0.114	-3.31	3.49	2.44	35.76	1.1	2.5	1	5	35.23	34.52	35.21	399.51	391.73	40.879	41.799	59.00	60.32	400.0	2001	0	82.56	-14.2	1.53	0.3	-0.22	2.74	1.00	0.00	0.16	111115
3	"14:17:03"	30.0	1	27.9	0.169	108	4.79	2.29	35.37	1.1	2.5	1	5	35.24	34.54	35.22	399.77	391.59	40.892	42.155	58.98	60.80	400.0	2001	0	82.56	-14.2	1.53	0.3	-0.22	2.74	1.00	0.00	0.16	111115
4	"14:17:08"	35.0	1	27.7	0.213	164	5.7	2.17	35.08	1.1	2.5	1	5	35.24	34.53	35.22	399.76	391.52	40.911	42.412	59.01	61.17	400.0	2001	0	82.56	-14.2	1.53	0.7	-0.22	2.74	1.00	0.00	0.16	111115
5	"14:17:14"	40.5	1	27.8	0.253	195	6.46	2.09	34.89	1.1	2.5	1	5	35.25	34.58	35.23	399.80	391.46	40.922	42.624	58.99	61.45	400.0	2001	0	82.56	-14.2	1.53	0.3	-0.22	2.74	1.00	0.00	0.16	111115
6	"14:17:19"	45.5	1	27.6	0.279	212	7.03	2.08	34.88	1.1	2.5	1	5	35.26	34.76	35.25	399.74	391.39	40.940	42.790	58.99	61.65	399.9	2000	0	82.56	-14.2	1.53	0.7	-0.22	2.74	1.00	0.00	0.16	111115
7	"14:17:24"	51.0	1	28.7	0.309	222	7.62	2.05	34.82	1.1	2.5	1	5	35.27	34.90	35.26	399.99	391.27	40.952	42.959	58.97	61.86	399.9	2000	0	82.56	-14.2	1.53	0.7	-0.22	2.74	1.00	0.00	0.16	111115
8	"14:17:29"	56.0	1	27.6	0.335	239	8.06	2	34.72	1.1	2.5	1	5	35.28	34.94	35.27	399.83	391.37	40.959	43.080	58.95	62.00	400.0	2000	0	82.56	-14.2	1.53	0.7	-0.22	2.74	1.00	0.00	0.16	111115
9	"14:17:34"	61.0	1	28.1	0.356	244	8.38	1.97	34.63	1.1	2.5	1	5	35.29	34.95	35.28	399.85	391.23	40.971	43.175	58.93	62.10	400.0	1999	0	82.56	-14.2	1.53	0.7	-0.22	2.74	1.00	0.00	0.16	111115
10	"14:17:40"	66.5	1	29.2	0.374	246	8.66	1.94	34.57	1.1	2.5	1	5	35.30	34.98	35.29	400.05	391.08	40.985	43.265	58.92	62.20	399.9	1999	0	82.56	-14.2	1.53	0.7	-0.22	2.74	1.00	0.00	0.16	111115
11	"14:17:45"	71.5	1	28.8	0.392	253	8.91	1.92	34.50	1.1	2.5	1	5	35.31	34.99	35.31	399.86	390.97	40.997	43.342	58.90	62.27	400.0	1999	0	82.56	-14.2	1.53	0.3	-0.22	2.74	1.00	0.00	0.16	111115
12	"14:17:50"	76.5	1	29.6	0.402	252	9.09	1.9	34.48	1.1	2.5	1	5	35.33	35.03	35.32	399.92	390.80	41.016	43.407	58.87	62.30	400.0	1998	0	82.56	-14.2	1.53	0.7	-0.22	2.74	1.00	0.00	0.16	111115
13	"14:17:55"	82.0	1	30.1	0.415	254	9.27	1.89	34.45	1.1	2.5	1	5	35.34	35.05	35.34	399.97	390.70	41.027	43.465	58.85	62.35	400.0	2000	0	82.56	-14.2	1.53	0.7	-0.22	2.74	1.00	0.00	0.16	111115
14	"14:18:00"	87.0	1	29.7	0.427	259	9.45	1.87	34.41	1.1	2.5	1	5	35.36	35.07	35.36	399.89	390.72	41.036	43.521	58.80	62.36	400.0	2000	0	82.56	-14.2	1.53	0.7	-0.22	2.74	1.00	0.00	0.16	111115
15	"14:18:05"	92.0	1	29.4	0.436	263	9.6	1.87	34.41	1.1	2.5	1	5	35.37	35.12	35.37	399.87	390.76	41.042	43.568	58.77	62.39	400.0	2000	0	82.56	-14.2	1.53	1.0	-0.22	2.74	1.00	0.00	0.16	111115
16	"14:18:11"	97.5	1	29.8	0.44	262	9.7	1.87	34.43	1.1	2.5	1	5	35.39	35.17	35.39	399.93	390.70	41.062	43.613	58.74	62.39	400.0	2000	0	82.56	-14.2	1.53	1.0	-0.22	2.74	1.00	0.00	0.16	111115
17	"14:18:16"	102.5	1	30	0.452	264	9.84	1.85	34.37	1.1	2.5	1	5	35.40	35.16	35.41	399.92	390.62	41.071	43.659	58.72	62.42	399.9	1999	0	82.56	-14.2	1.53	1.0	-0.22	2.74	1.00	0.00	0.16	111115
18	"14:18:21"	107.5	1	30	0.463	266	9.99	1.84	34.35	1.1	2.5	1	5	35.42	35.19	35.43	399.95	390.62	41.079	43.706	58.67	62.42	400.0	1999	0	82.56	-14.2	1.53	1.0	-0.22	2.74	1.00	0.00	0.16	111115
19	"14:18:26"	113.0	1	30.5	0.466	265	10.1	1.84	34.37	1.1	2.5	1	5	35.44	35.24	35.45	400.04	390.57	41.091	43.741	58.62	62.40	400.0	1998	0	82.56	-14.2	1.53	1.0	-0.22	2.74	1.00	0.00	0.16	111115
20	"14:18:31"	118.0	1	30.9	0.473	265	10.2	1.84	34.37	1.1	2.5	1	5	35.46	35.27	35.47	400.16	390.56	41.106	43.784	58.57	62.39	400.0	2000	0	82.56	-14.2	1.53	1.0	-0.22	2.74	1.00	0.00	0.16	111115
21	"14:18:36"	123.0	1	30.1	0.477	269	10.3	1.84	34.37	1.1	2.5	1	5	35.49	35.29	35.49	399.99	390.60	41.122	43.819	58.50	62.34	400.0	2000	0	82.56	-14.2	1.53	1.0	-0.22	2.74	1.00	0.00	0.16	111115
22	"14:18:42"	128.5	1	31.2	0.488	267	10.4	1.83	34.35	1.1	2.5	1	5	35.51	35.32	35.51	400.11	390.40	41.124	43.862	58.44	62.33	400.0	2000	0	82.56	-14.2	1.53	1.0	-0.22	2.74	1.00	0.00	0.16	111115
23	"14:18:47"	133.5	1	30.6	0.491	270	10.5	1.83	34.35	1.1	2.5	1	5	35.53	35.34	35.53	400.04	390.49	41.138	43.890	58.39	62.30	399.9	2000	0	82.56	-14.2	1.53	0.7	-0.22	2.74	1.00	0.00	0.16	111115
24	"14:18:52"	138.5	1	29.8	0.496	274	10.5	1.82	34.36	1.1	2.5	1	5	35.55	35.37	35.55	399.90	390.57	41.144	43.918	58.34	62.27	399.9	2000	0	82.56	-14.2	1.53	1.0	-0.22	2.74	1.00	0.00	0.16	111115
25	"14:18:57"	144.0	1	29.6	0.497	275	10.6	1.82	34.36	1.1	2.5	1	5	35.57	35.37	35.57	399.78	390.51	41.162	43.939	58.30	62.23	400.0	2001	0	82.56	-14.2	1.53	1.0	-0.22	2.74	1.00	0.00	0.16	111115
26	"14:19:02"	149.0	1	30.6	0.5	272	10.6	1.83	34.37	1.1	2.5	1	5	35.58	35.41	35.59	399.94	390.39	41.166	43.960	58.27	62.23	400.0	2001	0	82.56	-14.2	1.53	1.0	-0.22	2.74	1.00	0.00	0.16	111115
27	"14:19:07"	154.0	1	31.4	0.504	270	10.7	1.82	34.37	1.1	2.5	1	5	35.60	35.43	35.61	400.06	390.29	41.173	43.985	58.22	62.19	400.0	2001	0	82.56	-14.2	1.53	0.7	-0.22	2.74	1.00	0.00	0.16	111115
28	"14:19:12"	159.5	1	30.1	0.511	276	10.8	1.81	34.34	1.1	2.5	1	5	35.62	35.42	35.63	399.81	390.38	41.174	44.007	58.16	62.16	399.9	2001	0	82.56	-14.2	1.53	1.0	-0.22	2.74	1.00	0.00	0.16	111115
29	"14:19:17"	164.5	1	30.8	0.513	274	10.8	1.81	34.35	1.1	2.5	1	5	35.64	35.44	35.65	399.91	390.28	41.179	44.021	58.09	62.10	400.0	2001	0	82.55	-14.2	1.53	1.0	-0.22	2.74	1.00	0.00	0.16	111115
30	"14:19:22"	169.5	1	29.4	0.515	279	10.9	1.81	34.36	1.1	2.5	1	5	35.65	35.46	35.66	399.76	390.50	41.184	44.037	58.07	62.09	400.0	2002	0	82.55	-14.2	1.53	1.0	-0.22	2.74	1.00	0.00	0.16	111115
31	"14:19:28"	175.0	1	30.1	0.517	277	10.9	1.81	34.36	1.1	2.5	1	5	35.67	35.48	35.68	399.85	390.40	41.183	44.049	58.00	62.04	399.9	1999	0	82.55	-14.2	1.53	1.0	-0.22	2.74	1.00	0.00	0.16	111115
32	"14:19:33"	180.0	1	30.4	0.518	276	10.9	1.82	34.38	1.1	2.5	1	5	35.69	35.52	35.70	399.89	390.36	41.188	44.065	57.95	62.00	400.0	1999	0	82.56	-14.2	1.53	1.0	-0.22	2.74	1.00	0.00	0.16	111115
33	"14:19:38"	185.0	1	30.3	0.526	278	11	1.81	34.35	1.1	2.5	1	5	35.70	35.51	35.72	399.91	390.40	41.183	44.083	57.91	61.98	400.0	1999	0	82.55	-14.2	1.53	1.0	-0.22	2.74	1.00	0.00	0.16	111115
34	"14:19:43"	190.5	1	30	0.527	279	11.1	1.81	34.37	1.1	2.5	1	5	35.72	35.55	35.74	399.81	390.36	41.181	44.095	57.84	61.93	400.0	1999	0	82.55	-14.2	1.53	1.0	-0.22	2.74	1.00	0.00	0.16	111115
35	"14:19:48"	195.5	1	31	0.532	276	11.2	1.81	34.36	1.1	2.5	1	5	35.74	35.57	35.75	399.96	390.25	41.176	44.110	57.78	61.89	400.0	1999	0	82.56	-14.2	1.53	1.0	-0.22	2.74	1.00	0.00	0.16	111115
36	"14:19:53"	200.5	1	29.9	0.535	281	11.2	1.81	34.36	1.1	2.5	1	5	35.76	35.59	35.77	399.77	390.35	41.175	44.125	57.70	61.84	400.0	1999	0	82.55	-14.2	1.53	1.0	-0.22	2.74	1.00	0.00	0.16	111115
37	"14:19:59"	206.0	1	29.8	0.538	281	11.3	1.81	34.36	1.1	2.5	1	5	35.77	35.60	35.79	399.74	390.33	41.173	44.134	57.67	61.82	399.9	1999	0	82.55	-14.2	1.53	1.0	-0.22	2.74	1.00	0.00	0.16	111115
38	"14:20:04"	211.0	1	29.9	0.537	281	11.3	1.81	34.38	1.1	2.5	1	5	35.79	35.62	35.81	399.74	390.32	41.171	44.134	57.60	61.75	400.0	1999	0	82.55	-14.2	1.53	1.0	-0.22	2.74	1.00	0.00	0.16	111115
39	"14:20:09"	216.0	1	30.3	0.543	280	11.4	1.81	34.38	1.1	2.5	1	5	35.81	35.65	35.82	399.84	390.29	41.168	44.156	57.53	61.71	400.0	1999	0	82.55	-14.2	1.53	1.0	-0.22	2.74	1.00	0.00	0.16	111115
40	"14:20:14"	221.5	1	30.2	0.541	280	11.4	1.81	34.38	1.1	2.5	1	5	35.83	35.65	35.84	399.78	390.26	41.170	44.155	57.47	61.64	400.0	1999	0	82.55	-14.2	1.53	1.0	-0.22	2.74	1.00	0.00	0.16	111115
41	"14:20:19"	226.5	1	30.2	0.541	280	11.4	1.82	34.40	1.1	2.5	1	5	35.84	35.68	35.85	399.77	390.24	41.168	44.160	57.44	61.61	400.0	1999	0	82.55	-14.2	1.53	1.0	-0.22	2.74	1.00	0.00	0.16	111115
42	"14:20:24"	231.5	1	29.8	0.544	282	11.4	1.81	34.39	1.1	2.5	1	5	35.85	35.67	35.86	399.68	390.26	41.165	44.165	57.40	61.59	399.9	1999	0	82.55	-14.2	1.53	1.0	-0.22	2.74	1.00	0.00	0.16	111115
43	"14:20:30"	237.0	1	30	0.547	282	11.5	1.81	34.39	1.1	2.5	1	5	35.86	35.69	35.87	399.70	390.22	41.163	44.175	57.37	61.57	400.0	1999	0	82.55	-14.2	1.53	1.0	-0.22	2.74	1.00	0.00	0.16	111115
44	"14:20:35"	242.0	1	30.1	0.547	281	11.5	1.81	34.39	1.1	2.5	1	5	35.87	35.69	35.88	399.66	390.14	41.169	44.183	57.35	61.54	400.0	1999	0	82.55	-14.2	1.53	1.0	-0.22	2.74	1.00	0.00	0.16	111115
45	"14:20:40"	247.0	1	30.5	0.551	281	11.5	1.81	34.38	1.1	2.5	1	5	35.88	35.70	35.89	399.81	390.19	41.168	44.197	57.31	61.53	399.9	2000	0	82.55	-14.2	1.53	1.0	-0.22	2.74	1.00	0.00	0.16	111115
46	"14:20:45"	252.5	1	30.8	0.549	280	11.5	1.82	34.41	1.1	2.5	1	5	35.90	35.73	35.90	399.88	390.18	41.170	44.200	57.25	61.47	400.0	2001	0	82.55	-14.2	1.53	1.0	-0.22	2.74	1.00	0.00	0.16	111115
47	"14:20:50"	257.5	1	30.5	0.544	280	11.5	1.83	34.45	1.1	2.5	1	5	35.91	35.77	35.92	399.82	390.21	41.177	44.203	57.23	61.44	400.0	2001	0	82.55	-14.2	1.53	1.0	-0.22	2.74	1.00	0.00	0.16	111115
48	"14:20:55"	262.5	1	29.9	0.55	283	11.6	1.83	34.44	1.1	2.5	1	5	35.92	35.78	35.93	399.72	390.25	41.169	44.216	57.19	61.42	400.0	2001	0	82.55	-14.2	1.53	1.0	-0.22	2.74	1.00	0.00	0.16	111115
"14:20:58 Lamp: ParIn ->  2000 uml"
"14:20:58 CO2 Mixer: CO2R -> 400 uml"
"14:20:58 Coolers: Off"
"14:20:58 Flow: Fixed -> 400 umol/s"
