"OpenRecomp 6.1"
"/User/DataRO_053014_IM43_csec"
"Thr Jun  5 2014 16:10:59"
"**************"
"OPEN 6.2.5"
"Fri May 30 2014 13:23:13"
<open><version>"6.2.5"</version></open>
<open><configfile>"/User/Configs/UserPrefs/LED 2x3 Broadleaf EB.xml"</configfile></open>
<open><light><source>"6400-02 or -02B LED Source"</source><par_in>1<sensor>"SI-3101"<cal>-0.89<actinity>1.00</actinity><transm>1.00</transm></cal></sensor><transm>1</transm></par_in><par_out>1<sensor>"Q44856"<cal>6.83</cal></sensor></par_out></light></open>
<open><comps><file>"/User/Configs/Comps/StdComps_6.1"<header>""</header><extras></extras></file><energybal>yes<f_parIn>1</f_parIn><f_parOut>0</f_parOut><alphaK>0.16</alphaK></energybal><bc_total>4.597<stomatal_ratio>1</stomatal_ratio><bc_oneside>2.298<type>2</type><table>"/Sys/Lib/StdBLCTable"</table><area>2</area><slope>-0.219565</slope><offset>2.73739</offset><fan>5</fan></bc_oneside></bc_total></comps></open>
<open><prompts><onlog>off</onlog><items>"Default (none)"</items></prompts></open>
<open><constants><oxygen>21 %</oxygen><bb_vapor>1.5</bb_vapor><bb_oxy>0.9</bb_oxy></constants></open>
<open><stability><items>"Std Stability"<items[1]><id>-2</id><size>15</size><pcv><onoff>0</onoff><value>1</value></pcv><std><onoff>0</onoff><value>1</value></std><slp><onoff>1</onoff><value>1</value></slp></items[1]><items[2]><id>-5</id><size>15</size><pcv><onoff>0</onoff><value>1</value></pcv><std><onoff>0</onoff><value>1</value></std><slp><onoff>1</onoff><value>1</value></slp></items[2]><items[3]><id>-7</id><size>15</size><pcv><onoff>0</onoff><value>1</value></pcv><std><onoff>0</onoff><value>1</value></std><slp><onoff>1</onoff><value>1</value></slp></items[3]></items></stability></open>
<open><log><format>"StdLogFmt_6.0"<items>{ -35 -21 -36 -76 30 23 36 21 25 221 -33 111 -34 11 -9 -10 -8 -1 -2 -4 -5 -14 -15 -7 -12 -13 -11 -65 -66 -72 -18 -19 -77 -78 -79 -23  }<hdr>{  }</hdr></items></format><options><beep>on</beep><hdr>normal</hdr><rem>normal</rem><stab>no</stab><stats>no<mean>no</mean><file>no</file><period>15</period></stats><excel>yes</excel><controls>yes</controls><comm>no</comm></options><datafile>"/User/DataRO_053014_IM43_csec"</datafile><button><action>"Normal Log"<code>" LogOneObsManual "</code></action></button><autoprog>"/User/Configs/AutoProgs/AutoLog2"<active>no</active></autoprog></log></open>
<open><a2d><avgtime>4.0 secs</avgtime><userchans><ch20>"Off"</ch20><ch21>"Off"</ch21><ch22>"Off"</ch22><ch23>"Off"</ch23></userchans></a2d></open>
<open><matching><type>0</type><disp>'a'</disp><settings><CO2Limit>10.0</CO2Limit><H2OLimit>1.0</H2OLimit><MaxAutoTime>60</MaxAutoTime></settings></matching></open>
<li6400><factory><unit>"PSC-3143"</unit><serviced>"8 Mar 2011"</serviced><fuseaware>0</fuseaware><co2mixer>yes</co2mixer><co2><coeffs>{ 0 0.213824 2.35017e-05 2.07122e-08 -3.49697e-12 3.25504e-16  }</coeffs><dvdt>-3.5</dvdt><xs>{ 0.0006 -0.0003  }</xs></co2><h2o><coeffs>{ 0 0.00583775 2.0458e-06 9.30148e-11  }</coeffs><dvdt>-0.9</dvdt><xs>{ 0.0007 -0.0017  }</xs></h2o><flow>{ 0 0.37  }</flow><press>{ 87.338 0.0055  }</press></factory></li6400>
<li6400><user><flow_zero>-35.0</flow_zero><irga_zero><co2>901.5 -815.3<at>25.8989</at></co2><h2o>4.1 -503.2<at>21.1119</at></h2o></irga_zero><irga_span><co2>{ 0.991086 0.993135  }</co2><h2o>{ 1.00408 0.997584  }</h2o></irga_span><irga_match><co2>{ -3.90869 -14.1493  }</co2><h2o>{ 0.0465232 1.56382  }</h2o></irga_match><co2_mixer><pump_mv>4500</pump_mv><ppm>{ 2434.39 1093.37 394.698 226.439 84.8806 35.4631 12.0808 8.4591  }</ppm><mv>{ 5000 3000 1500 1000 500 300 200 100  }</mv></co2_mixer><parin_offset>-1.77139</parin_offset><led_cal><unit>"SI-3101"</unit><mv>{ 10 25 50 100 1000 2000 3000 4000 5000  }</mv><qntm>{ 1.951 12.0575 30.6597 74.5522 925.175 1836.15 2700.41 3524.78 4287.11  }</qntm></led_cal><lcf_cal><unit>"LCF-1411"</unit><red><mv>{ 50 100 200 400 800 1500  }</mv><qntm>{ 67.5959 152.988 327.042 689.376 1428 2676.31  }</qntm></red><blue><mv>{ 100 500 1000 2000 3000 4000 5000  }</mv><qntm>{ 5.32999 36.7918 67.8478 118.819 164.48 203.6 238.997  }</qntm></blue></lcf_cal></user></li6400>
"13:23:14 "
$STARTOFDATA$
"Obs"	"HHMMSS"	"FTime"	"EBal?"	"Photo"	"Cond"	"Ci"	"Trmmol"	"VpdL"	"CTleaf"	"Area"	"BLC_1"	"StmRat"	"BLCond"	"Tair"	"Tleaf"	"TBlk"	"CO2R"	"CO2S"	"H2OR"	"H2OS"	"RH_R"	"RH_S"	"Flow"	"PARi"	"PARo"	"Press"	"CsMch"	"HsMch"	"StableF"	"BLCslope"	"BLCoffst"	"f_parin"	"f_parout"	"alphaK"	"Status"
"13:23:14 Launched AutoProg /User/Configs/AutoProgs/AutoLog2"
"13:23:16 Lamp: ParIn ->  2000 uml"
"13:23:16 CO2 Mixer: CO2R -> 400 uml"
"13:23:16 Coolers: Off"
"13:23:16 Flow: Fixed -> 400 umol/s"
1	"13:23:21"	20.0	1	21.2	0.0621	-169	1.6	2.03	33.70	2.18	2.26	1	4.52	32.29	31.70	32.27	399.77	387.88	38.443	39.282	64.95	66.37	399.9	2000	0	82.01	-14.1	1.56	0.7	-0.22	2.74	1.00	0.00	0.16	111115
2	"13:23:26"	25.0	1	21.5	0.0714	-106	1.81	2	33.64	2.18	2.26	1	4.52	32.29	31.71	32.26	399.78	387.69	38.458	39.406	64.98	66.58	399.9	2000	0	82.01	-14.1	1.56	0.3	-0.22	2.74	1.00	0.00	0.16	111115
3	"13:23:31"	30.0	1	21.6	0.0788	-63.8	1.97	1.98	33.60	2.18	2.26	1	4.52	32.29	31.73	32.26	399.80	387.62	38.484	39.518	65.02	66.77	399.9	2001	0	82.01	-14.1	1.56	0.3	-0.22	2.74	1.00	0.00	0.16	111115
4	"13:23:37"	35.5	1	21.5	0.0853	-29.3	2.11	1.97	33.57	2.18	2.26	1	4.52	32.29	31.75	32.27	399.78	387.62	38.529	39.636	65.10	66.97	399.9	2001	0	82.01	-14.1	1.56	0.7	-0.22	2.74	1.00	0.00	0.16	111115
5	"13:23:42"	40.5	1	21.8	0.0908	-10.2	2.23	1.95	33.55	2.18	2.26	1	4.52	32.30	31.77	32.27	399.86	387.52	38.562	39.731	65.11	67.09	399.9	2001	0	82.01	-14.1	1.56	0.7	-0.22	2.74	1.00	0.00	0.16	111115
6	"13:23:47"	45.5	1	22	0.0955	5.36	2.33	1.94	33.53	2.18	2.26	1	4.52	32.31	31.79	32.28	400.01	387.55	38.598	39.819	65.14	67.20	399.9	2001	0	82.01	-14.1	1.56	0.7	-0.22	2.74	1.00	0.00	0.16	111115
7	"13:23:52"	51.0	1	22.1	0.1	20.1	2.44	1.93	33.53	2.18	2.26	1	4.52	32.32	31.83	32.30	400.09	387.51	38.638	39.915	65.17	67.32	399.9	2001	0	82.01	-14.1	1.56	0.7	-0.22	2.74	1.00	0.00	0.16	111115
8	"13:23:57"	56.0	1	22.1	0.105	34.1	2.52	1.92	33.51	2.18	2.26	1	4.52	32.33	31.83	32.31	400.05	387.46	38.674	39.993	65.19	67.42	399.9	2001	0	82.01	-14.1	1.56	0.7	-0.22	2.74	1.00	0.00	0.16	111115
9	"13:24:02"	61.0	1	22.3	0.108	40.4	2.59	1.91	33.51	2.18	2.26	1	4.52	32.34	31.86	32.32	400.13	387.42	38.708	40.061	65.21	67.49	400.0	2001	0	82.01	-14.1	1.56	1.0	-0.22	2.74	1.00	0.00	0.16	111115
10	"13:24:08"	66.5	1	22.1	0.111	54.3	2.66	1.91	33.51	2.18	2.26	1	4.52	32.36	31.88	32.34	400.10	387.49	38.751	40.143	65.21	67.56	400.0	2001	0	82.01	-14.1	1.56	1.0	-0.22	2.74	1.00	0.00	0.16	111115
11	"13:24:13"	71.5	1	22	0.114	62.9	2.72	1.9	33.51	2.18	2.26	1	4.52	32.37	31.91	32.35	400.12	387.53	38.779	40.203	65.22	67.62	400.0	2001	0	82.01	-14.1	1.56	1.0	-0.22	2.74	1.00	0.00	0.16	111115
12	"13:24:18"	76.5	1	22.1	0.116	66.5	2.76	1.9	33.51	2.18	2.26	1	4.52	32.39	31.92	32.37	400.11	387.47	38.816	40.258	65.21	67.63	400.0	2000	0	82.01	-14.1	1.56	1.0	-0.22	2.74	1.00	0.00	0.16	111115
13	"13:24:23"	82.0	1	22.2	0.118	71.5	2.8	1.88	33.48	2.18	2.26	1	4.52	32.40	31.90	32.38	400.08	387.37	38.843	40.306	65.22	67.68	400.0	1999	0	82.01	-14.1	1.56	1.0	-0.22	2.74	1.00	0.00	0.16	111115
14	"13:24:28"	87.0	1	22.4	0.122	77.1	2.86	1.87	33.45	2.18	2.26	1	4.52	32.41	31.89	32.39	400.13	387.31	38.841	40.335	65.18	67.69	399.9	1999	0	82.01	-14.1	1.56	1.0	-0.22	2.74	1.00	0.00	0.16	111115
15	"13:24:33"	92.0	1	22.6	0.125	81.8	2.91	1.86	33.42	2.18	2.26	1	4.52	32.41	31.88	32.39	400.14	387.22	38.828	40.350	65.16	67.71	400.0	1999	0	82.01	-14.1	1.56	0.7	-0.22	2.74	1.00	0.00	0.16	111115
16	"13:24:39"	97.5	1	22.2	0.127	91	2.94	1.86	33.40	2.18	2.26	1	4.52	32.41	31.86	32.39	399.97	387.25	38.814	40.352	65.13	67.72	399.9	2001	0	82.01	-14.1	1.56	1.0	-0.22	2.74	1.00	0.00	0.16	111115
17	"13:24:44"	102.5	1	22.4	0.128	91.7	2.97	1.85	33.38	2.18	2.26	1	4.52	32.41	31.86	32.39	399.92	387.08	38.800	40.354	65.11	67.72	400.0	2000	0	82.01	-14.1	1.56	1.0	-0.22	2.74	1.00	0.00	0.16	111115
18	"13:24:49"	107.5	1	22.4	0.129	93.1	2.99	1.85	33.38	2.18	2.26	1	4.52	32.40	31.86	32.39	399.94	387.08	38.796	40.358	65.14	67.76	400.0	2000	0	82.01	-14.1	1.56	0.7	-0.22	2.74	1.00	0.00	0.16	111115
19	"13:24:54"	113.0	1	22.6	0.13	93.1	3	1.85	33.36	2.18	2.26	1	4.52	32.40	31.84	32.39	399.88	386.95	38.777	40.344	65.11	67.74	400.0	2000	0	82.01	-14.1	1.56	1.0	-0.22	2.74	1.00	0.00	0.16	111115
20	"13:24:59"	118.0	1	22.3	0.13	96.1	2.98	1.84	33.34	2.18	2.26	1	4.52	32.39	31.81	32.38	399.78	387.01	38.773	40.332	65.14	67.76	399.9	2001	0	82.01	-14.1	1.56	1.0	-0.22	2.74	1.00	0.00	0.16	111115
21	"13:25:04"	123.0	1	22.8	0.13	90.1	2.98	1.84	33.33	2.18	2.26	1	4.52	32.38	31.80	32.38	399.86	386.83	38.761	40.319	65.16	67.77	400.0	2001	0	82.01	-14.1	1.56	1.0	-0.22	2.74	1.00	0.00	0.16	111115
22	"13:25:10"	128.5	1	22.5	0.13	94.7	2.98	1.83	33.30	2.18	2.26	1	4.52	32.37	31.77	32.37	399.77	386.87	38.752	40.312	65.18	67.80	399.9	2001	0	82.01	-14.1	1.56	1.0	-0.22	2.74	1.00	0.00	0.16	111115
23	"13:25:15"	133.5	1	22.5	0.13	95.1	2.98	1.83	33.29	2.18	2.26	1	4.52	32.36	31.77	32.36	399.72	386.83	38.749	40.310	65.21	67.84	399.9	2001	0	82.01	-14.1	1.56	1.0	-0.22	2.74	1.00	0.00	0.16	111115
24	"13:25:20"	138.5	1	22.6	0.131	95.3	3	1.83	33.29	2.18	2.26	1	4.52	32.35	31.77	32.35	399.75	386.77	38.741	40.312	65.23	67.88	399.9	2001	0	82.01	-14.1	1.56	1.0	-0.22	2.74	1.00	0.00	0.16	111115
25	"13:25:25"	144.0	1	22.6	0.132	96.9	3.02	1.84	33.32	2.18	2.26	1	4.52	32.34	31.82	32.34	399.76	386.83	38.739	40.321	65.27	67.93	400.0	2001	0	82.01	-14.1	1.56	1.0	-0.22	2.74	1.00	0.00	0.16	111115
26	"13:25:30"	149.0	1	22.8	0.13	90.1	2.99	1.85	33.35	2.18	2.26	1	4.52	32.34	31.84	32.34	399.78	386.74	38.774	40.339	65.32	67.96	400.0	2001	0	82.01	-14.1	1.56	1.0	-0.22	2.74	1.00	0.00	0.16	111115
27	"13:25:35"	154.0	1	22.6	0.127	86.8	3	1.88	33.49	2.18	2.26	1	4.52	32.34	31.99	32.34	399.73	386.78	38.809	40.376	65.38	68.02	400.0	2001	0	82.01	-14.1	1.56	1.0	-0.22	2.74	1.00	0.00	0.16	111115
28	"13:25:41"	159.5	1	23	0.127	80	2.98	1.88	33.49	2.18	2.26	1	4.52	32.35	31.99	32.34	399.91	386.73	38.848	40.407	65.41	68.04	399.9	2001	0	82.01	-14.1	1.56	1.0	-0.22	2.74	1.00	0.00	0.16	111115
29	"13:25:46"	164.5	1	22.9	0.128	83.2	3	1.88	33.50	2.18	2.26	1	4.52	32.35	32.00	32.35	399.88	386.74	38.873	40.442	65.45	68.10	399.9	2001	0	82.01	-14.1	1.56	1.0	-0.22	2.74	1.00	0.00	0.16	111115
30	"13:25:51"	169.5	1	22.8	0.128	85.2	3	1.88	33.51	2.18	2.26	1	4.52	32.36	32.02	32.36	399.84	386.78	38.905	40.476	65.47	68.12	399.9	2000	0	82.01	-14.1	1.56	1.0	-0.22	2.74	1.00	0.00	0.16	111115
31	"13:25:56"	175.0	1	22.9	0.129	86	3.02	1.87	33.50	2.18	2.26	1	4.52	32.37	32.01	32.36	399.91	386.79	38.935	40.512	65.49	68.14	400.0	2001	0	82.01	-14.1	1.56	1.0	-0.22	2.74	1.00	0.00	0.16	111115
32	"13:26:01"	180.0	1	23.1	0.13	86.9	3.05	1.87	33.50	2.18	2.26	1	4.52	32.38	32.02	32.38	399.93	386.70	38.958	40.551	65.49	68.16	399.9	2001	0	82.01	-14.1	1.56	1.0	-0.22	2.74	1.00	0.00	0.16	111115
"13:26:04 Lamp: ParIn ->  2000 uml"
"13:26:05 CO2 Mixer: CO2R -> 400 uml"
"13:26:05 Coolers: Off"
"13:26:05 Flow: Fixed -> 400 umol/s"
