"OpenRecomp 6.1"
"/User/DataRO_053014_hq01_c48s"
"Thr Jun  5 2014 16:09:36"
"**************"
"OPEN 6.2.5"
"Fri May 30 2014 16:08:39"
<open><version>"6.2.5"</version></open>
<open><configfile>"/User/Configs/UserPrefs/LED 2x3 Broadleaf EB.xml"</configfile></open>
<open><light><source>"6400-02 or -02B LED Source"</source><par_in>1<sensor>"SI-3101"<cal>-0.89<actinity>1.00</actinity><transm>1.00</transm></cal></sensor><transm>1</transm></par_in><par_out>1<sensor>"Q44856"<cal>6.83</cal></sensor></par_out></light></open>
<open><comps><file>"/User/Configs/Comps/StdComps_6.1"<header>""</header><extras></extras></file><energybal>yes<f_parIn>1</f_parIn><f_parOut>0</f_parOut><alphaK>0.16</alphaK></energybal><bc_total>4.597<stomatal_ratio>1</stomatal_ratio><bc_oneside>2.298<type>2</type><table>"/Sys/Lib/StdBLCTable"</table><area>2</area><slope>-0.219565</slope><offset>2.73739</offset><fan>5</fan></bc_oneside></bc_total></comps></open>
<open><prompts><onlog>off</onlog><items>"Default (none)"</items></prompts></open>
<open><constants><oxygen>21 %</oxygen><bb_vapor>1.5</bb_vapor><bb_oxy>0.9</bb_oxy></constants></open>
<open><stability><items>"Std Stability"<items[1]><id>-2</id><size>15</size><pcv><onoff>0</onoff><value>1</value></pcv><std><onoff>0</onoff><value>1</value></std><slp><onoff>1</onoff><value>1</value></slp></items[1]><items[2]><id>-5</id><size>15</size><pcv><onoff>0</onoff><value>1</value></pcv><std><onoff>0</onoff><value>1</value></std><slp><onoff>1</onoff><value>1</value></slp></items[2]><items[3]><id>-7</id><size>15</size><pcv><onoff>0</onoff><value>1</value></pcv><std><onoff>0</onoff><value>1</value></std><slp><onoff>1</onoff><value>1</value></slp></items[3]></items></stability></open>
<open><log><format>"StdLogFmt_6.0"<items>{ -35 -21 -36 -76 30 23 36 21 25 221 -33 111 -34 11 -9 -10 -8 -1 -2 -4 -5 -14 -15 -7 -12 -13 -11 -65 -66 -72 -18 -19 -77 -78 -79 -23  }<hdr>{  }</hdr></items></format><options><beep>on</beep><hdr>normal</hdr><rem>normal</rem><stab>no</stab><stats>no<mean>no</mean><file>no</file><period>15</period></stats><excel>yes</excel><controls>yes</controls><comm>no</comm></options><datafile>"/User/DataRO_053014_hq01_c48s"</datafile><button><action>"Normal Log"<code>" LogOneObsManual "</code></action></button><autoprog>"/User/Configs/AutoProgs/AutoLog2"<active>no</active></autoprog></log></open>
<open><a2d><avgtime>4.0 secs</avgtime><userchans><ch20>"Off"</ch20><ch21>"Off"</ch21><ch22>"Off"</ch22><ch23>"Off"</ch23></userchans></a2d></open>
<open><matching><type>0</type><disp>'a'</disp><settings><CO2Limit>10.0</CO2Limit><H2OLimit>1.0</H2OLimit><MaxAutoTime>60</MaxAutoTime></settings></matching></open>
<li6400><factory><unit>"PSC-3143"</unit><serviced>"8 Mar 2011"</serviced><fuseaware>0</fuseaware><co2mixer>yes</co2mixer><co2><coeffs>{ 0 0.213824 2.35017e-05 2.07122e-08 -3.49697e-12 3.25504e-16  }</coeffs><dvdt>-3.5</dvdt><xs>{ 0.0006 -0.0003  }</xs></co2><h2o><coeffs>{ 0 0.00583775 2.0458e-06 9.30148e-11  }</coeffs><dvdt>-0.9</dvdt><xs>{ 0.0007 -0.0017  }</xs></h2o><flow>{ 0 0.37  }</flow><press>{ 87.338 0.0055  }</press></factory></li6400>
<li6400><user><flow_zero>-35.0</flow_zero><irga_zero><co2>901.5 -815.3<at>25.8989</at></co2><h2o>4.1 -503.2<at>21.1119</at></h2o></irga_zero><irga_span><co2>{ 0.991086 0.993135  }</co2><h2o>{ 1.00408 0.997584  }</h2o></irga_span><irga_match><co2>{ -3.90869 -14.1628  }</co2><h2o>{ 0.0465232 1.53093  }</h2o></irga_match><co2_mixer><pump_mv>4500</pump_mv><ppm>{ 2434.39 1093.37 394.698 226.439 84.8806 35.4631 12.0808 8.4591  }</ppm><mv>{ 5000 3000 1500 1000 500 300 200 100  }</mv></co2_mixer><parin_offset>-1.77139</parin_offset><led_cal><unit>"SI-3101"</unit><mv>{ 10 25 50 100 1000 2000 3000 4000 5000  }</mv><qntm>{ 1.951 12.0575 30.6597 74.5522 925.175 1836.15 2700.41 3524.78 4287.11  }</qntm></led_cal><lcf_cal><unit>"LCF-1411"</unit><red><mv>{ 50 100 200 400 800 1500  }</mv><qntm>{ 67.5959 152.988 327.042 689.376 1428 2676.31  }</qntm></red><blue><mv>{ 100 500 1000 2000 3000 4000 5000  }</mv><qntm>{ 5.32999 36.7918 67.8478 118.819 164.48 203.6 238.997  }</qntm></blue></lcf_cal></user></li6400>
"16:08:40 "
$STARTOFDATA$
"Obs"	"HHMMSS"	"FTime"	"EBal?"	"Photo"	"Cond"	"Ci"	"Trmmol"	"VpdL"	"CTleaf"	"Area"	"BLC_1"	"StmRat"	"BLCond"	"Tair"	"Tleaf"	"TBlk"	"CO2R"	"CO2S"	"H2OR"	"H2OS"	"RH_R"	"RH_S"	"Flow"	"PARi"	"PARo"	"Press"	"CsMch"	"HsMch"	"StableF"	"BLCslope"	"BLCoffst"	"f_parin"	"f_parout"	"alphaK"	"Status"
"16:08:40 Launched AutoProg /User/Configs/AutoProgs/AutoLog2"
"16:08:43 Lamp: ParIn ->  2000 uml"
"16:08:43 CO2 Mixer: CO2R -> 400 uml"
"16:08:43 Coolers: Off"
"16:08:43 Flow: Fixed -> 400 umol/s"
1	"16:08:48"	33.0	1	51.6	-0.0173	4.91E+03	-0.991	4.62	40.36	1.45	2.42	1	4.84	37.94	37.75	37.92	400.57	381.98	34.500	34.153	44.77	44.32	399.9	1956	0	86.11	-14.2	1.53	0.7	-0.22	2.74	1.00	0.00	0.16	111115
2	"16:08:53"	38.5	1	51.1	-0.0146	5.68E+03	-0.84	4.63	40.41	1.45	2.42	1	4.84	37.96	37.80	37.94	400.49	382.09	34.489	34.195	44.71	44.33	399.9	1997	0	86.11	-14.2	1.53	1.0	-0.22	2.74	1.00	0.00	0.16	111115
3	"16:08:58"	43.5	1	50.7	-0.0138	5.96E+03	-0.794	4.64	40.42	1.45	2.42	1	4.84	37.98	37.83	37.96	400.47	382.18	34.479	34.201	44.65	44.29	399.9	1997	0	86.11	-14.2	1.53	1.0	-0.22	2.74	1.00	0.00	0.16	111115
4	"16:09:03"	48.5	1	51.1	-0.0119	6.92E+03	-0.683	4.63	40.42	1.45	2.42	1	4.84	38.00	37.86	37.98	400.61	382.17	34.477	34.238	44.60	44.29	399.9	1999	0	86.11	-14.2	1.53	1.0	-0.22	2.74	1.00	0.00	0.16	111115
5	"16:09:09"	54.0	1	50	-0.0115	6.96E+03	-0.665	4.65	40.46	1.45	2.42	1	4.84	38.03	37.91	38.00	400.41	382.39	34.479	34.246	44.53	44.22	399.9	1999	0	86.11	-14.2	1.53	0.7	-0.22	2.74	1.00	0.00	0.16	111115
6	"16:09:14"	59.0	1	47.2	-0.0101	7.47E+03	-0.583	4.64	40.46	1.45	2.42	1	4.84	38.05	37.93	38.02	400.48	383.46	34.491	34.287	44.49	44.23	399.9	1999	0	86.11	-14.2	1.53	0.7	-0.22	2.74	1.00	0.00	0.16	111115
7	"16:09:19"	64.0	1	47.5	-0.00991	7.68E+03	-0.571	4.65	40.47	1.45	2.42	1	4.84	38.07	37.95	38.04	400.51	383.35	34.484	34.284	44.44	44.18	399.9	1999	0	86.11	-14.2	1.53	0.7	-0.22	2.74	1.00	0.00	0.16	111115
8	"16:09:24"	69.5	1	48.9	-0.0117	6.75E+03	-0.677	4.68	40.54	1.45	2.42	1	4.84	38.10	37.98	38.07	400.44	382.81	34.484	34.247	44.36	44.06	399.9	1999	0	86.11	-14.2	1.53	0.7	-0.22	2.74	1.00	0.00	0.16	111115
9	"16:09:29"	74.5	1	49.7	-0.0112	7.15E+03	-0.648	4.69	40.56	1.45	2.42	1	4.84	38.12	38.01	38.09	400.49	382.57	34.473	34.246	44.30	44.01	399.9	1999	0	86.11	-14.2	1.53	0.7	-0.22	2.74	1.00	0.00	0.16	111115
10	"16:09:34"	79.5	1	49.6	-0.012	6.64E+03	-0.702	4.71	40.60	1.45	2.42	1	4.84	38.14	38.04	38.10	400.46	382.58	34.470	34.224	44.25	43.93	399.9	1999	0	86.11	-14.2	1.53	0.7	-0.22	2.74	1.00	0.00	0.16	111115
11	"16:09:40"	85.0	1	49.1	-0.0118	6.67E+03	-0.694	4.72	40.64	1.45	2.42	1	4.84	38.16	38.08	38.13	400.37	382.67	34.458	34.215	44.19	43.87	399.9	1998	0	86.11	-14.2	1.53	1.0	-0.22	2.74	1.00	0.00	0.16	111115
12	"16:09:45"	90.0	1	49.5	-0.0119	6.71E+03	-0.697	4.73	40.65	1.45	2.42	1	4.84	38.19	38.09	38.15	400.51	382.66	34.452	34.208	44.11	43.79	399.9	2000	0	86.11	-14.2	1.53	1.0	-0.22	2.74	1.00	0.00	0.16	111115
13	"16:09:50"	95.0	1	49.3	-0.0135	5.92E+03	-0.797	4.76	40.71	1.45	2.42	1	4.84	38.21	38.12	38.17	400.48	382.72	34.445	34.166	44.05	43.69	400.0	2001	0	86.11	-14.2	1.53	1.0	-0.22	2.74	1.00	0.00	0.16	111115
14	"16:09:55"	100.5	1	49.4	-0.013	6.14E+03	-0.768	4.77	40.73	1.45	2.42	1	4.84	38.23	38.15	38.20	400.58	382.79	34.435	34.166	43.99	43.65	399.9	2000	0	86.11	-14.2	1.53	1.0	-0.22	2.74	1.00	0.00	0.16	111115
15	"16:10:00"	105.5	1	49	-0.0127	6.25E+03	-0.751	4.78	40.76	1.45	2.42	1	4.84	38.26	38.18	38.22	400.52	382.85	34.432	34.169	43.91	43.58	399.9	2000	0	86.11	-14.2	1.53	0.7	-0.22	2.74	1.00	0.00	0.16	111115
16	"16:10:05"	110.5	1	48.9	-0.0138	5.75E+03	-0.822	4.8	40.82	1.45	2.42	1	4.84	38.28	38.22	38.24	400.54	382.93	34.460	34.172	43.90	43.54	399.9	2000	0	86.11	-14.2	1.53	1.0	-0.22	2.74	1.00	0.00	0.16	111115
17	"16:10:11"	116.0	1	48.4	-0.0149	5.28E+03	-0.897	4.83	40.89	1.45	2.42	1	4.84	38.31	38.27	38.27	400.47	383.03	34.513	34.199	43.89	43.49	399.9	1999	0	86.1	-14.2	1.53	1.0	-0.22	2.74	1.00	0.00	0.16	111115
18	"16:10:16"	121.0	1	48.1	-0.0176	4.51E+03	-1.06	4.85	40.94	1.45	2.42	1	4.84	38.33	38.27	38.30	400.49	383.18	34.548	34.176	43.89	43.42	399.9	1999	0	86.1	-14.2	1.53	0.7	-0.22	2.74	1.00	0.00	0.16	111115
19	"16:10:21"	126.0	1	48.9	-0.0184	4.39E+03	-1.12	4.87	40.99	1.45	2.42	1	4.84	38.36	38.30	38.32	400.69	383.10	34.583	34.192	43.86	43.37	399.9	1999	0	86.1	-14.2	1.53	1.0	-0.22	2.74	1.00	0.00	0.16	111115
20	"16:10:26"	131.5	1	48	-0.0178	4.46E+03	-1.08	4.87	40.99	1.45	2.42	1	4.84	38.39	38.31	38.35	400.58	383.31	34.618	34.241	43.84	43.36	399.8	1998	0	86.1	-14.2	1.53	1.0	-0.22	2.74	1.00	0.00	0.16	111115
21	"16:10:31"	136.5	1	47.3	-0.0171	4.56E+03	-1.04	4.88	41.02	1.45	2.42	1	4.84	38.41	38.35	38.37	400.46	383.44	34.633	34.270	43.81	43.35	400.0	2000	0	86.1	-14.2	1.53	0.7	-0.22	2.74	1.00	0.00	0.16	111115
22	"16:10:36"	141.5	1	47.7	-0.0154	5.05E+03	-0.937	4.88	41.03	1.45	2.42	1	4.84	38.44	38.40	38.40	400.63	383.48	34.614	34.286	43.71	43.30	399.9	2000	0	86.1	-14.2	1.53	0.7	-0.22	2.74	1.00	0.00	0.16	111115
23	"16:10:42"	147.0	1	46.8	-0.0163	4.71E+03	-0.994	4.91	41.09	1.45	2.42	1	4.84	38.47	38.44	38.43	400.46	383.65	34.615	34.267	43.64	43.21	400.0	2000	0	86.1	-14.2	1.53	1.0	-0.22	2.74	1.00	0.00	0.16	111115
24	"16:10:47"	152.0	1	44.3	-0.0162	4.5E+03	-0.991	4.91	41.09	1.45	2.42	1	4.84	38.50	38.44	38.45	400.50	384.57	34.601	34.254	43.56	43.12	399.9	2000	0	86.1	-14.2	1.53	0.7	-0.22	2.74	1.00	0.00	0.16	111115
25	"16:10:52"	157.0	1	45.6	-0.0177	4.27E+03	-1.09	4.94	41.15	1.45	2.42	1	4.84	38.52	38.47	38.48	400.54	384.16	34.591	34.211	43.50	43.02	399.9	2000	0	86.1	-14.2	1.53	0.7	-0.22	2.74	1.00	0.00	0.16	111115
26	"16:10:57"	162.5	1	46.2	-0.0187	4.1E+03	-1.16	4.96	41.20	1.45	2.42	1	4.84	38.55	38.50	38.51	400.48	383.89	34.571	34.166	43.40	42.89	400.0	2001	0	86.1	-14.2	1.53	0.7	-0.22	2.74	1.00	0.00	0.16	111115
27	"16:11:02"	167.5	1	46.2	-0.0185	4.14E+03	-1.15	4.97	41.23	1.45	2.42	1	4.84	38.58	38.53	38.54	400.53	383.93	34.566	34.165	43.32	42.82	399.9	2001	0	86.1	-14.2	1.53	0.7	-0.22	2.74	1.00	0.00	0.16	111115
28	"16:11:07"	172.5	1	46.1	-0.0171	4.44E+03	-1.06	4.97	41.23	1.45	2.42	1	4.84	38.61	38.56	38.57	400.48	383.93	34.558	34.187	43.24	42.78	399.9	2001	0	86.1	-14.2	1.53	1.0	-0.22	2.74	1.00	0.00	0.16	111115
29	"16:11:13"	178.0	1	46.2	-0.0172	4.43E+03	-1.07	4.98	41.26	1.45	2.42	1	4.84	38.64	38.58	38.59	400.60	383.99	34.551	34.177	43.17	42.70	399.9	2000	0	86.1	-14.2	1.53	1.0	-0.22	2.74	1.00	0.00	0.16	111115
30	"16:11:18"	183.0	1	45.9	-0.0191	4E+03	-1.19	5.01	41.31	1.45	2.42	1	4.84	38.66	38.59	38.62	400.69	384.22	34.555	34.138	43.12	42.60	400.0	2001	0	86.1	-14.2	1.53	1.0	-0.22	2.74	1.00	0.00	0.16	111115
31	"16:11:23"	188.5	1	46.4	-0.0167	4.58E+03	-1.04	4.99	41.29	1.45	2.42	1	4.84	38.69	38.62	38.65	400.81	384.12	34.588	34.225	43.10	42.64	399.9	2001	0	86.1	-14.2	1.53	0.7	-0.22	2.74	1.00	0.00	0.16	111115
32	"16:11:28"	193.5	1	46.8	-0.0221	3.56E+03	-1.4	5.06	41.44	1.45	2.42	1	4.84	38.71	38.66	38.67	400.66	383.89	34.632	34.143	43.10	42.50	400.0	2001	0	86.1	-14.2	1.53	1.0	-0.22	2.74	1.00	0.00	0.16	111115
33	"16:11:33"	198.5	1	52.4	-0.0494	1.94E+03	-3.36	5.41	42.12	1.45	2.42	1	4.84	38.73	38.71	38.70	400.70	382.17	34.670	33.494	43.10	41.64	399.9	2001	0	86.1	-14.2	1.53	0.3	-0.22	2.74	1.00	0.00	0.16	111115
34	"16:11:39"	204.0	1	49.1	-0.0396	2.22E+03	-2.63	5.29	41.90	1.45	2.42	1	4.84	38.76	38.73	38.72	400.53	383.08	34.677	33.757	43.04	41.90	399.9	2000	0	86.1	-14.2	1.53	0.3	-0.22	2.74	1.00	0.00	0.16	111115
35	"16:11:44"	209.0	1	46.9	-0.0275	2.93E+03	-1.77	5.17	41.66	1.45	2.42	1	4.84	38.79	38.76	38.75	400.60	383.83	34.652	34.031	42.94	42.17	399.9	2000	0	86.1	-14.2	1.53	0.3	-0.22	2.74	1.00	0.00	0.16	111115
36	"16:11:49"	214.0	1	46	-0.0241	3.24E+03	-1.54	5.13	41.59	1.45	2.42	1	4.84	38.82	38.76	38.78	400.66	384.21	34.632	34.093	42.85	42.18	399.9	2000	0	86.1	-14.2	1.53	0.3	-0.22	2.74	1.00	0.00	0.16	111115
37	"16:11:54"	219.5	1	45.2	-0.023	3.33E+03	-1.47	5.14	41.60	1.45	2.42	1	4.84	38.85	38.80	38.80	400.60	384.42	34.611	34.096	42.75	42.12	399.9	2000	0	86.1	-14.2	1.53	0.7	-0.22	2.74	1.00	0.00	0.16	111115
38	"16:11:59"	224.5	1	45	-0.0231	3.3E+03	-1.48	5.15	41.62	1.45	2.42	1	4.84	38.88	38.81	38.83	400.68	384.57	34.597	34.077	42.67	42.03	399.9	2001	0	86.1	-14.2	1.53	0.7	-0.22	2.74	1.00	0.00	0.16	111115
39	"16:12:04"	229.5	1	44.8	-0.0232	3.28E+03	-1.49	5.16	41.64	1.45	2.42	1	4.84	38.90	38.83	38.86	400.67	384.64	34.581	34.059	42.60	41.96	400.0	2001	0	86.1	-14.2	1.53	0.7	-0.22	2.74	1.00	0.00	0.16	111115
40	"16:12:10"	235.0	1	44.9	-0.0233	3.26E+03	-1.5	5.17	41.67	1.45	2.42	1	4.84	38.93	38.85	38.89	400.67	384.62	34.569	34.043	42.52	41.87	400.0	2000	0	86.1	-14.2	1.53	1.0	-0.22	2.74	1.00	0.00	0.16	111115
41	"16:12:15"	240.0	1	44.3	-0.0242	3.12E+03	-1.57	5.2	41.73	1.45	2.42	1	4.84	38.95	38.89	38.91	400.57	384.71	34.562	34.012	42.46	41.79	399.9	2000	0	86.1	-14.2	1.53	1.0	-0.22	2.74	1.00	0.00	0.16	111115
42	"16:12:20"	245.0	1	44.3	-0.0232	3.24E+03	-1.5	5.2	41.73	1.45	2.42	1	4.84	38.98	38.92	38.94	400.54	384.70	34.547	34.021	42.38	41.73	400.0	1999	0	86.1	-14.2	1.53	1.0	-0.22	2.74	1.00	0.00	0.16	111115
43	"16:12:25"	250.5	1	44	-0.0239	3.14E+03	-1.56	5.22	41.77	1.45	2.42	1	4.84	39.01	38.94	38.97	400.57	384.82	34.533	33.988	42.29	41.62	400.0	1999	1	86.1	-14.2	1.53	1.0	-0.22	2.74	1.00	0.00	0.16	111115
44	"16:12:30"	255.5	1	43.9	-0.0254	2.96E+03	-1.66	5.24	41.82	1.45	2.42	1	4.84	39.04	38.95	39.00	400.54	384.87	34.529	33.948	42.22	41.51	400.0	1999	0	86.1	-14.2	1.53	1.0	-0.22	2.74	1.00	0.00	0.16	111115
45	"16:12:35"	260.5	1	44	-0.0247	3.05E+03	-1.61	5.24	41.82	1.45	2.42	1	4.84	39.06	38.97	39.03	400.76	385.04	34.542	33.977	42.19	41.50	399.9	1999	0	86.1	-14.2	1.53	0.7	-0.22	2.74	1.00	0.00	0.16	111115
46	"16:12:41"	266.0	1	43.5	-0.0246	3.03E+03	-1.61	5.25	41.85	1.45	2.42	1	4.84	39.09	39.00	39.06	400.72	385.19	34.539	33.975	42.12	41.43	400.0	1999	0	86.1	-14.2	1.53	0.7	-0.22	2.74	1.00	0.00	0.16	111115
47	"16:12:46"	271.0	1	40.2	-0.0249	2.79E+03	-1.64	5.27	41.88	1.45	2.42	1	4.84	39.12	39.02	39.08	400.57	386.22	34.549	33.976	42.06	41.36	399.9	2000	0	86.1	-14.2	1.53	0.7	-0.22	2.74	1.00	0.00	0.16	111115
48	"16:12:51"	276.0	1	30.1	-0.0255	2.14E+03	-1.68	5.29	41.93	1.45	2.42	1	4.84	39.15	39.06	39.11	400.61	389.92	34.588	33.999	42.04	41.33	399.9	2000	0	86.1	-14.2	1.53	0.7	-0.22	2.74	1.00	0.00	0.16	111115
49	"16:12:56"	281.5	1	35.4	-0.0248	2.51E+03	-1.64	5.3	41.97	1.45	2.42	1	4.84	39.18	39.11	39.14	400.63	388.03	34.604	34.029	41.99	41.30	399.9	2000	0	86.1	-14.2	1.53	0.7	-0.22	2.74	1.00	0.00	0.16	111115
50	"16:13:01"	286.5	1	38.6	-0.0233	2.85E+03	-1.54	5.29	41.96	1.45	2.42	1	4.84	39.21	39.13	39.17	400.47	386.70	34.582	34.042	41.90	41.24	399.9	2000	0	86.1	-14.2	1.53	0.7	-0.22	2.74	1.00	0.00	0.16	111115
51	"16:13:06"	291.5	1	45	-0.045	1.85E+03	-3.17	5.6	42.54	1.45	2.42	1	4.84	39.23	39.20	39.20	400.41	384.54	34.557	33.447	41.82	40.48	399.9	2000	0	86.1	-14.2	1.53	0.3	-0.22	2.74	1.00	0.00	0.16	111115
52	"16:13:12"	297.0	1	48.3	-0.0569	1.61E+03	-4.15	5.8	42.91	1.45	2.42	1	4.84	39.26	39.25	39.24	400.48	383.53	34.526	33.070	41.72	39.96	399.9	1999	0	86.1	-14.2	1.53	0.3	-0.22	2.74	1.00	0.00	0.16	111115
53	"16:13:17"	302.0	1	50.7	-0.0592	1.62E+03	-4.36	5.84	42.98	1.45	2.42	1	4.84	39.29	39.26	39.27	400.46	382.68	34.507	32.979	41.63	39.79	399.9	1999	0	86.1	-14.2	1.53	0.3	-0.22	2.74	1.00	0.00	0.16	111115
54	"16:13:22"	307.0	1	48.1	-0.0474	1.86E+03	-3.39	5.69	42.71	1.45	2.42	1	4.84	39.32	39.30	39.30	400.48	383.52	34.483	33.294	41.53	40.10	399.9	1999	0	86.1	-14.2	1.53	0.7	-0.22	2.74	1.00	0.00	0.16	111115
55	"16:13:27"	312.5	1	44.2	-0.0309	2.5E+03	-2.12	5.48	42.33	1.45	2.42	1	4.84	39.36	39.32	39.33	400.50	384.76	34.458	33.715	41.41	40.52	399.9	1999	0	86.1	-14.2	1.53	0.3	-0.22	2.74	1.00	0.00	0.16	111115
56	"16:13:32"	317.5	1	43	-0.0254	2.91E+03	-1.72	5.43	42.24	1.45	2.42	1	4.84	39.40	39.36	39.36	400.47	385.13	34.440	33.837	41.30	40.58	399.9	1999	0	86.1	-14.2	1.53	0.3	-0.22	2.74	1.00	0.00	0.16	111115
57	"16:13:37"	322.5	1	41.9	-0.0231	3.09E+03	-1.56	5.42	42.22	1.45	2.42	1	4.84	39.43	39.39	39.39	400.43	385.46	34.422	33.874	41.22	40.56	399.9	1999	0	86.1	-14.2	1.53	0.3	-0.22	2.74	1.00	0.00	0.16	111115
58	"16:13:43"	328.0	1	41.9	-0.0216	3.28E+03	-1.46	5.43	42.24	1.45	2.42	1	4.84	39.47	39.44	39.43	400.49	385.49	34.408	33.895	41.11	40.50	399.9	1999	0	86.1	-14.2	1.53	0.7	-0.22	2.74	1.00	0.00	0.16	111115
59	"16:13:48"	333.0	1	41.5	-0.0219	3.21E+03	-1.49	5.44	42.27	1.45	2.42	1	4.84	39.50	39.47	39.46	400.56	385.73	34.421	33.900	41.06	40.44	400.0	1999	0	86.1	-14.2	1.53	0.7	-0.22	2.74	1.00	0.00	0.16	111115
60	"16:13:53"	338.0	1	41.1	-0.0218	3.19E+03	-1.49	5.47	42.32	1.45	2.42	1	4.84	39.53	39.52	39.49	400.52	385.82	34.434	33.912	41.01	40.39	399.9	2000	0	86.1	-14.2	1.53	0.7	-0.22	2.74	1.00	0.00	0.16	111115
61	"16:13:58"	343.5	1	41.5	-0.022	3.19E+03	-1.5	5.47	42.33	1.45	2.42	1	4.84	39.57	39.52	39.53	400.45	385.62	34.429	33.902	40.92	40.29	399.9	2000	0	86.1	-14.2	1.53	1.0	-0.22	2.74	1.00	0.00	0.16	111115
62	"16:14:03"	348.5	1	41.3	-0.0229	3.07E+03	-1.57	5.49	42.37	1.45	2.42	1	4.84	39.60	39.54	39.56	400.40	385.63	34.430	33.880	40.85	40.20	399.9	2000	0	86.1	-14.2	1.53	0.7	-0.22	2.74	1.00	0.00	0.16	111115
63	"16:14:08"	353.5	1	41.7	-0.0226	3.13E+03	-1.55	5.5	42.39	1.45	2.42	1	4.84	39.62	39.56	39.58	400.45	385.56	34.414	33.870	40.79	40.14	400.0	2001	0	86.1	-14.2	1.53	1.0	-0.22	2.74	1.00	0.00	0.16	111115
64	"16:14:13"	358.5	1	41.1	-0.0222	3.14E+03	-1.52	5.49	42.37	1.45	2.42	1	4.84	39.65	39.55	39.61	400.32	385.64	34.397	33.864	40.70	40.07	399.9	2001	0	86.1	-14.2	1.53	1.0	-0.22	2.74	1.00	0.00	0.16	111115
65	"16:14:19"	364.0	1	40.9	-0.0216	3.2E+03	-1.49	5.51	42.41	1.45	2.42	1	4.84	39.68	39.60	39.64	400.28	385.66	34.374	33.853	40.61	39.99	399.9	2001	0	86.09	-14.2	1.53	1.0	-0.22	2.74	1.00	0.00	0.16	111115
66	"16:14:24"	369.0	1	41.8	-0.0259	2.78E+03	-1.81	5.58	42.54	1.45	2.42	1	4.84	39.70	39.63	39.66	400.25	385.34	34.355	33.721	40.54	39.79	399.9	2001	0	86.09	-14.2	1.53	1.0	-0.22	2.74	1.00	0.00	0.16	111115
67	"16:14:29"	374.5	1	41.1	-0.0225	3.11E+03	-1.56	5.55	42.49	1.45	2.42	1	4.84	39.73	39.66	39.69	400.21	385.52	34.336	33.790	40.46	39.81	399.9	2001	0	86.1	-14.2	1.53	1.0	-0.22	2.74	1.00	0.00	0.16	111115
68	"16:14:34"	379.5	1	40.7	-0.0217	3.17E+03	-1.51	5.56	42.51	1.45	2.42	1	4.84	39.75	39.70	39.71	400.23	385.70	34.322	33.793	40.39	39.77	399.9	2001	0	86.09	-14.2	1.53	1.0	-0.22	2.74	1.00	0.00	0.16	111115
69	"16:14:39"	384.5	1	40	-0.0216	3.14E+03	-1.5	5.57	42.53	1.45	2.42	1	4.84	39.78	39.72	39.74	400.10	385.81	34.305	33.778	40.31	39.69	400.0	2001	0	86.1	-14.2	1.53	0.7	-0.22	2.74	1.00	0.00	0.16	111115
70	"16:14:45"	390.0	1	40.6	-0.0215	3.19E+03	-1.5	5.58	42.56	1.45	2.42	1	4.84	39.80	39.75	39.76	400.22	385.73	34.293	33.768	40.25	39.63	400.0	2001	0	86.09	-14.2	1.53	1.0	-0.22	2.74	1.00	0.00	0.16	111115
71	"16:14:50"	395.0	1	40.4	-0.023	3E+03	-1.61	5.61	42.62	1.45	2.42	1	4.84	39.83	39.77	39.79	400.20	385.78	34.320	33.755	40.22	39.56	399.9	2001	0	86.09	-14.2	1.53	1.0	-0.22	2.74	1.00	0.00	0.16	111115
72	"16:14:55"	400.0	1	40.4	-0.0231	2.99E+03	-1.62	5.62	42.65	1.45	2.42	1	4.84	39.85	39.80	39.81	400.38	385.97	34.340	33.772	40.20	39.54	399.9	2001	0	86.1	-14.2	1.53	1.0	-0.22	2.74	1.00	0.00	0.16	111115
73	"16:15:00"	405.5	1	40	-0.0213	3.18E+03	-1.49	5.61	42.63	1.45	2.42	1	4.84	39.88	39.82	39.84	400.40	386.12	34.318	33.795	40.11	39.50	399.9	2001	0	86.1	-14.2	1.53	0.7	-0.22	2.74	1.00	0.00	0.16	111115
74	"16:15:05"	410.5	1	39.9	-0.0222	3.06E+03	-1.56	5.64	42.69	1.45	2.42	1	4.84	39.91	39.86	39.86	400.29	386.04	34.291	33.743	40.02	39.38	399.9	2001	0	86.1	-14.2	1.53	0.7	-0.22	2.74	1.00	0.00	0.16	111115
75	"16:15:10"	415.5	1	39.9	-0.0233	2.92E+03	-1.66	5.67	42.74	1.45	2.42	1	4.84	39.93	39.88	39.89	400.34	386.10	34.268	33.688	39.95	39.27	399.9	2001	0	86.1	-14.2	1.53	1.0	-0.22	2.74	1.00	0.00	0.16	111115
76	"16:15:16"	421.0	1	39.6	-0.0233	2.91E+03	-1.66	5.68	42.76	1.45	2.42	1	4.84	39.96	39.90	39.92	400.25	386.12	34.262	33.682	39.88	39.20	399.9	2001	0	86.1	-14.2	1.53	1.0	-0.22	2.74	1.00	0.00	0.16	111115
77	"16:15:21"	426.0	1	39.4	-0.0232	2.91E+03	-1.65	5.7	42.81	1.45	2.42	1	4.84	39.99	39.95	39.94	400.28	386.21	34.258	33.679	39.81	39.13	399.9	2001	0	86.1	-14.2	1.53	1.0	-0.22	2.74	1.00	0.00	0.16	111115
78	"16:15:26"	431.0	1	39.4	-0.023	2.93E+03	-1.64	5.71	42.82	1.45	2.42	1	4.84	40.01	39.96	39.97	400.18	386.12	34.232	33.657	39.73	39.06	399.9	2001	0	86.09	-14.2	1.53	1.0	-0.22	2.74	1.00	0.00	0.16	111115
79	"16:15:31"	436.5	1	39.3	-0.0228	2.94E+03	-1.63	5.73	42.85	1.45	2.42	1	4.84	40.04	40.00	39.99	400.20	386.17	34.203	33.631	39.64	38.97	400.0	2001	0	86.1	-14.2	1.53	1.0	-0.22	2.74	1.00	0.00	0.16	111115
80	"16:15:36"	441.5	1	39.5	-0.0219	3.07E+03	-1.56	5.72	42.84	1.45	2.42	1	4.84	40.07	40.01	40.02	400.20	386.11	34.175	33.627	39.54	38.91	399.9	2001	0	86.1	-14.2	1.53	1.0	-0.22	2.74	1.00	0.00	0.16	111115
81	"16:15:41"	446.5	1	39.6	-0.0216	3.11E+03	-1.55	5.73	42.86	1.45	2.42	1	4.84	40.09	40.03	40.04	400.18	386.05	34.154	33.612	39.48	38.85	399.9	2001	0	86.1	-14.2	1.53	1.0	-0.22	2.74	1.00	0.00	0.16	111115
"16:15:44 Lamp: ParIn ->  2000 uml"
"16:15:44 CO2 Mixer: CO2R -> 400 uml"
"16:15:44 Coolers: Off"
"16:15:44 Flow: Fixed -> 400 umol/s"
