"OpenRecomp 6.1"
"/User/DataRO_053014_RR12_c214s"
"Thr Jun  5 2014 16:16:05"
"**************"
"OPEN 6.2.5"
"Fri May 30 2014 11:43:44"
<open><version>"6.2.5"</version></open>
<open><configfile>"/User/Configs/UserPrefs/LED 2x3 Broadleaf EB.xml"</configfile></open>
<open><light><source>"6400-02 or -02B LED Source"</source><par_in>1<sensor>"SI-3101"<cal>-0.89<actinity>1.00</actinity><transm>1.00</transm></cal></sensor><transm>1</transm></par_in><par_out>1<sensor>"Q44856"<cal>6.83</cal></sensor></par_out></light></open>
<open><comps><file>"/User/Configs/Comps/StdComps_6.1"<header>""</header><extras></extras></file><energybal>yes<f_parIn>1</f_parIn><f_parOut>0</f_parOut><alphaK>0.16</alphaK></energybal><bc_total>4.597<stomatal_ratio>1</stomatal_ratio><bc_oneside>2.298<type>2</type><table>"/Sys/Lib/StdBLCTable"</table><area>2</area><slope>-0.219565</slope><offset>2.73739</offset><fan>5</fan></bc_oneside></bc_total></comps></open>
<open><prompts><onlog>off</onlog><items>"Default (none)"</items></prompts></open>
<open><constants><oxygen>21 %</oxygen><bb_vapor>1.5</bb_vapor><bb_oxy>0.9</bb_oxy></constants></open>
<open><stability><items>"Std Stability"<items[1]><id>-2</id><size>15</size><pcv><onoff>0</onoff><value>1</value></pcv><std><onoff>0</onoff><value>1</value></std><slp><onoff>1</onoff><value>1</value></slp></items[1]><items[2]><id>-5</id><size>15</size><pcv><onoff>0</onoff><value>1</value></pcv><std><onoff>0</onoff><value>1</value></std><slp><onoff>1</onoff><value>1</value></slp></items[2]><items[3]><id>-7</id><size>15</size><pcv><onoff>0</onoff><value>1</value></pcv><std><onoff>0</onoff><value>1</value></std><slp><onoff>1</onoff><value>1</value></slp></items[3]></items></stability></open>
<open><log><format>"StdLogFmt_6.0"<items>{ -35 -21 -36 -76 30 23 36 21 25 221 -33 111 -34 11 -9 -10 -8 -1 -2 -4 -5 -14 -15 -7 -12 -13 -11 -65 -66 -72 -18 -19 -77 -78 -79 -23  }<hdr>{  }</hdr></items></format><options><beep>on</beep><hdr>normal</hdr><rem>normal</rem><stab>no</stab><stats>no<mean>no</mean><file>no</file><period>15</period></stats><excel>yes</excel><controls>yes</controls><comm>no</comm></options><datafile>"/User/DataRO_053014_RR12_c214s"</datafile><button><action>"Normal Log"<code>" LogOneObsManual "</code></action></button><autoprog>"/User/Configs/AutoProgs/AutoLog2"<active>no</active></autoprog></log></open>
<open><a2d><avgtime>4.0 secs</avgtime><userchans><ch20>"Off"</ch20><ch21>"Off"</ch21><ch22>"Off"</ch22><ch23>"Off"</ch23></userchans></a2d></open>
<open><matching><type>0</type><disp>'a'</disp><settings><CO2Limit>10.0</CO2Limit><H2OLimit>1.0</H2OLimit><MaxAutoTime>60</MaxAutoTime></settings></matching></open>
<li6400><factory><unit>"PSC-3143"</unit><serviced>"8 Mar 2011"</serviced><fuseaware>0</fuseaware><co2mixer>yes</co2mixer><co2><coeffs>{ 0 0.213824 2.35017e-05 2.07122e-08 -3.49697e-12 3.25504e-16  }</coeffs><dvdt>-3.5</dvdt><xs>{ 0.0006 -0.0003  }</xs></co2><h2o><coeffs>{ 0 0.00583775 2.0458e-06 9.30148e-11  }</coeffs><dvdt>-0.9</dvdt><xs>{ 0.0007 -0.0017  }</xs></h2o><flow>{ 0 0.37  }</flow><press>{ 87.338 0.0055  }</press></factory></li6400>
<li6400><user><flow_zero>-35.0</flow_zero><irga_zero><co2>901.5 -815.3<at>25.8989</at></co2><h2o>4.1 -503.2<at>21.1119</at></h2o></irga_zero><irga_span><co2>{ 0.991086 0.993135  }</co2><h2o>{ 1.00408 0.997584  }</h2o></irga_span><irga_match><co2>{ -3.90869 -14.0562  }</co2><h2o>{ 0.0465232 1.37275  }</h2o></irga_match><co2_mixer><pump_mv>4500</pump_mv><ppm>{ 2434.39 1093.37 394.698 226.439 84.8806 35.4631 12.0808 8.4591  }</ppm><mv>{ 5000 3000 1500 1000 500 300 200 100  }</mv></co2_mixer><parin_offset>-1.77139</parin_offset><led_cal><unit>"SI-3101"</unit><mv>{ 10 25 50 100 1000 2000 3000 4000 5000  }</mv><qntm>{ 1.951 12.0575 30.6597 74.5522 925.175 1836.15 2700.41 3524.78 4287.11  }</qntm></led_cal><lcf_cal><unit>"LCF-1411"</unit><red><mv>{ 50 100 200 400 800 1500  }</mv><qntm>{ 67.5959 152.988 327.042 689.376 1428 2676.31  }</qntm></red><blue><mv>{ 100 500 1000 2000 3000 4000 5000  }</mv><qntm>{ 5.32999 36.7918 67.8478 118.819 164.48 203.6 238.997  }</qntm></blue></lcf_cal></user></li6400>
"11:43:46 "
$STARTOFDATA$
"Obs"	"HHMMSS"	"FTime"	"EBal?"	"Photo"	"Cond"	"Ci"	"Trmmol"	"VpdL"	"CTleaf"	"Area"	"BLC_1"	"StmRat"	"BLCond"	"Tair"	"Tleaf"	"TBlk"	"CO2R"	"CO2S"	"H2OR"	"H2OS"	"RH_R"	"RH_S"	"Flow"	"PARi"	"PARo"	"Press"	"CsMch"	"HsMch"	"StableF"	"BLCslope"	"BLCoffst"	"f_parin"	"f_parout"	"alphaK"	"Status"
"11:43:46 Launched AutoProg /User/Configs/AutoProgs/AutoLog2"
"11:43:48 Lamp: ParIn ->  2000 uml"
"11:43:49 CO2 Mixer: CO2R -> 400 uml"
"11:43:49 Coolers: Off"
"11:43:49 Flow: Fixed -> 400 umol/s"
1	"11:43:54"	28.5	1	19.7	0.0187	-1.29E+03	0.46	2.05	34.04	2.06	2.29	1	4.57	32.18	31.68	32.12	399.77	389.54	37.619	37.847	68.03	68.44	399.9	2000	0	87.23	-14.1	1.37	0.3	-0.22	2.74	1.00	0.00	0.16	111115
2	"11:43:59"	34.0	1	19.9	0.0334	-566	0.801	2	33.92	2.06	2.29	1	4.57	32.18	31.68	32.12	399.68	389.27	37.629	38.026	68.04	68.76	399.9	2000	0	87.23	-14.1	1.37	0.3	-0.22	2.74	1.00	0.00	0.16	111115
3	"11:44:04"	39.0	1	19.4	0.0444	-318	1.05	1.97	33.86	2.06	2.29	1	4.57	32.19	31.70	32.13	399.46	389.25	37.637	38.155	68.02	68.96	399.9	2000	0	87.23	-14.1	1.37	0.3	-0.22	2.74	1.00	0.00	0.16	111115
4	"11:44:09"	44.0	1	20.2	0.0531	-229	1.23	1.94	33.78	2.06	2.29	1	4.57	32.18	31.69	32.13	399.61	388.95	37.646	38.255	68.07	69.18	400.0	2000	0	87.23	-14.1	1.37	0.3	-0.22	2.74	1.00	0.00	0.16	111115
5	"11:44:15"	49.5	1	19.7	0.0605	-142	1.38	1.92	33.73	2.06	2.29	1	4.57	32.19	31.69	32.14	399.41	388.99	37.658	38.343	68.06	69.30	399.9	1999	0	87.23	-14.1	1.37	0.3	-0.22	2.74	1.00	0.00	0.16	111115
6	"11:44:20"	54.5	1	20.8	0.0676	-114	1.52	1.9	33.68	2.06	2.29	1	4.57	32.19	31.68	32.14	399.70	388.70	37.666	38.420	68.07	69.43	399.9	1999	0	87.23	-14.1	1.37	0.7	-0.22	2.74	1.00	0.00	0.16	111115
7	"11:44:25"	59.5	1	20.6	0.0726	-77.6	1.62	1.88	33.64	2.06	2.29	1	4.57	32.19	31.68	32.14	399.60	388.65	37.677	38.480	68.09	69.54	399.9	1999	0	87.23	-14.1	1.37	0.7	-0.22	2.74	1.00	0.00	0.16	111115
8	"11:44:30"	65.0	1	20.1	0.0771	-40.2	1.7	1.86	33.60	2.06	2.29	1	4.57	32.19	31.66	32.15	399.46	388.77	37.688	38.532	68.11	69.64	399.9	2000	0	87.23	-14.1	1.37	1.0	-0.22	2.74	1.00	0.00	0.16	111115
9	"11:44:35"	70.0	1	20.8	0.0804	-37.3	1.79	1.88	33.66	2.06	2.29	1	4.57	32.18	31.76	32.15	399.61	388.56	37.699	38.584	68.17	69.77	399.9	2000	0	87.23	-14.1	1.37	1.0	-0.22	2.74	1.00	0.00	0.16	111115
10	"11:44:40"	75.0	1	20.2	0.0835	-12	1.85	1.87	33.65	2.06	2.29	1	4.57	32.18	31.77	32.14	399.43	388.64	37.713	38.628	68.20	69.85	399.9	2000	0	87.23	-14.1	1.37	1.0	-0.22	2.74	1.00	0.00	0.16	111115
11	"11:44:46"	80.5	1	20.9	0.0875	-7.43	1.93	1.86	33.64	2.06	2.29	1	4.57	32.18	31.79	32.14	399.61	388.44	37.718	38.673	68.20	69.93	399.9	2000	0	87.23	-14.1	1.37	1.0	-0.22	2.74	1.00	0.00	0.16	111115
12	"11:44:51"	85.5	1	21.1	0.0906	2.98	1.98	1.85	33.61	2.06	2.29	1	4.57	32.18	31.78	32.14	399.55	388.30	37.731	38.713	68.23	70.00	399.9	2000	0	87.23	-14.1	1.37	0.7	-0.22	2.74	1.00	0.00	0.16	111115
13	"11:44:56"	90.5	1	21	0.0937	16.1	2.04	1.84	33.59	2.06	2.29	1	4.57	32.18	31.78	32.14	399.53	388.30	37.736	38.746	68.24	70.06	400.0	2000	0	87.23	-14.1	1.37	0.7	-0.22	2.74	1.00	0.00	0.16	111115
14	"11:45:01"	96.0	1	21.3	0.0966	22.2	2.09	1.83	33.56	2.06	2.29	1	4.57	32.18	31.77	32.14	399.57	388.19	37.740	38.775	68.24	70.12	399.9	2000	0	87.23	-14.1	1.37	1.0	-0.22	2.74	1.00	0.00	0.16	111115
15	"11:45:06"	101.0	1	21.3	0.0991	29.7	2.14	1.83	33.56	2.06	2.29	1	4.57	32.18	31.78	32.14	399.54	388.12	37.747	38.805	68.26	70.17	399.9	2000	0	87.23	-14.1	1.37	1.0	-0.22	2.74	1.00	0.00	0.16	111115
16	"11:45:11"	106.0	1	21.5	0.102	35.4	2.18	1.82	33.54	2.06	2.29	1	4.57	32.18	31.78	32.15	399.69	388.16	37.756	38.837	68.27	70.23	399.9	2000	0	87.23	-14.1	1.37	1.0	-0.22	2.74	1.00	0.00	0.16	111115
17	"11:45:17"	111.5	1	20.7	0.103	52.2	2.21	1.82	33.54	2.06	2.29	1	4.57	32.18	31.79	32.15	399.38	388.27	37.771	38.863	68.30	70.27	399.9	1999	0	87.23	-14.1	1.37	1.0	-0.22	2.74	1.00	0.00	0.16	111115
18	"11:45:22"	116.5	1	21.5	0.105	46.2	2.24	1.81	33.52	2.06	2.29	1	4.57	32.18	31.78	32.15	399.61	388.09	37.780	38.888	68.32	70.32	400.0	2000	0	87.23	-14.1	1.37	1.0	-0.22	2.74	1.00	0.00	0.16	111115
19	"11:45:27"	122.0	1	21.5	0.106	50.6	2.27	1.81	33.52	2.06	2.29	1	4.57	32.19	31.79	32.16	399.59	388.06	37.794	38.916	68.30	70.33	399.9	1999	0	87.23	-14.1	1.37	1.0	-0.22	2.74	1.00	0.00	0.16	111115
20	"11:45:32"	127.0	1	21	0.107	60.6	2.29	1.81	33.53	2.06	2.29	1	4.57	32.19	31.80	32.16	399.43	388.14	37.811	38.942	68.33	70.38	400.0	2000	0	87.23	-14.1	1.37	1.0	-0.22	2.74	1.00	0.00	0.16	111115
21	"11:45:37"	132.0	1	21.3	0.109	62	2.32	1.8	33.51	2.06	2.29	1	4.57	32.19	31.80	32.17	399.47	388.04	37.818	38.965	68.35	70.42	400.0	1999	0	87.23	-14.1	1.37	1.0	-0.22	2.74	1.00	0.00	0.16	111115
22	"11:45:43"	137.5	1	21.5	0.111	63.5	2.34	1.79	33.50	2.06	2.29	1	4.57	32.20	31.79	32.17	399.51	387.98	37.835	38.993	68.34	70.43	399.9	2000	0	87.23	-14.1	1.37	1.0	-0.22	2.74	1.00	0.00	0.16	111115
23	"11:45:48"	142.5	1	21.1	0.112	71.8	2.37	1.8	33.52	2.06	2.29	1	4.57	32.21	31.82	32.18	399.41	388.07	37.842	39.013	68.31	70.43	399.9	2000	0	87.23	-14.1	1.37	1.0	-0.22	2.74	1.00	0.00	0.16	111115
24	"11:45:53"	147.5	1	21.3	0.113	72	2.38	1.79	33.51	2.06	2.29	1	4.57	32.21	31.81	32.19	399.40	387.98	37.848	39.025	68.32	70.45	400.0	2000	0	87.23	-14.1	1.37	1.0	-0.22	2.74	1.00	0.00	0.16	111115
25	"11:45:58"	153.0	1	21.5	0.113	70.2	2.39	1.79	33.50	2.06	2.29	1	4.57	32.22	31.81	32.19	399.44	387.89	37.857	39.040	68.30	70.44	400.0	2001	0	87.23	-14.1	1.37	1.0	-0.22	2.74	1.00	0.00	0.16	111115
26	"11:46:03"	158.0	1	21.3	0.113	73.1	2.39	1.79	33.50	2.06	2.29	1	4.57	32.22	31.81	32.20	399.32	387.87	37.865	39.048	68.32	70.45	399.9	2001	0	87.23	-14.1	1.37	1.0	-0.22	2.74	1.00	0.00	0.16	111115
27	"11:46:08"	163.0	1	21.3	0.114	75.6	2.41	1.79	33.51	2.06	2.29	1	4.57	32.22	31.82	32.20	399.33	387.87	37.876	39.069	68.34	70.49	399.9	2001	0	87.23	-14.1	1.37	1.0	-0.22	2.74	1.00	0.00	0.16	111115
28	"11:46:14"	168.5	1	21.3	0.117	81.8	2.43	1.77	33.45	2.06	2.29	1	4.57	32.23	31.76	32.21	399.33	387.88	37.883	39.086	68.31	70.48	399.9	2001	0	87.23	-14.1	1.37	1.0	-0.22	2.74	1.00	0.00	0.16	111115
29	"11:46:19"	173.5	1	21.5	0.118	83.1	2.43	1.74	33.36	2.06	2.29	1	4.57	32.24	31.66	32.22	399.40	387.84	37.887	39.089	68.28	70.44	400.0	2001	0	87.23	-14.1	1.37	1.0	-0.22	2.74	1.00	0.00	0.16	111115
30	"11:46:24"	178.5	1	21.3	0.119	86.3	2.43	1.75	33.36	2.06	2.29	1	4.57	32.24	31.67	32.23	399.32	387.86	37.895	39.100	68.29	70.46	399.9	2001	0	87.23	-14.1	1.37	1.0	-0.22	2.74	1.00	0.00	0.16	111115
31	"11:46:29"	184.0	1	21.6	0.12	85.1	2.45	1.74	33.36	2.06	2.29	1	4.57	32.25	31.67	32.24	399.44	387.84	37.899	39.112	68.26	70.45	399.9	2000	0	87.23	-14.1	1.37	1.0	-0.22	2.74	1.00	0.00	0.16	111115
32	"11:46:34"	189.0	1	21.4	0.12	88.3	2.46	1.74	33.36	2.06	2.29	1	4.57	32.26	31.68	32.24	399.33	387.81	37.908	39.126	68.24	70.43	399.9	2000	0	87.23	-14.1	1.37	1.0	-0.22	2.74	1.00	0.00	0.16	111115
33	"11:46:39"	194.0	1	21.6	0.121	89.2	2.48	1.74	33.36	2.06	2.29	1	4.57	32.26	31.68	32.25	399.37	387.77	37.916	39.144	68.25	70.46	399.9	2000	0	87.23	-14.1	1.37	1.0	-0.22	2.74	1.00	0.00	0.16	111115
34	"11:46:45"	199.5	1	22	0.122	84.5	2.49	1.74	33.36	2.06	2.29	1	4.57	32.27	31.68	32.26	399.56	387.75	37.925	39.155	68.23	70.44	399.9	2000	0	87.23	-14.1	1.37	1.0	-0.22	2.74	1.00	0.00	0.16	111115
35	"11:46:50"	204.5	1	21.6	0.123	92	2.51	1.74	33.36	2.06	2.29	1	4.57	32.28	31.69	32.27	399.51	387.87	37.931	39.173	68.20	70.43	400.0	2000	0	87.22	-14.1	1.37	1.0	-0.22	2.74	1.00	0.00	0.16	111115
36	"11:46:55"	209.5	1	21.7	0.124	93.6	2.53	1.74	33.35	2.06	2.29	1	4.57	32.29	31.69	32.27	399.41	387.75	37.934	39.184	68.16	70.41	400.0	2000	0	87.22	-14.1	1.37	1.0	-0.22	2.74	1.00	0.00	0.16	111115
37	"11:47:00"	215.0	1	21.8	0.125	93.5	2.54	1.74	33.36	2.06	2.29	1	4.57	32.29	31.70	32.28	399.39	387.64	37.938	39.197	68.18	70.44	399.9	2000	0	87.23	-14.1	1.37	1.0	-0.22	2.74	1.00	0.00	0.16	111115
38	"11:47:05"	220.0	1	22.2	0.124	86.9	2.54	1.75	33.40	2.06	2.29	1	4.57	32.30	31.74	32.29	399.48	387.55	37.942	39.200	68.15	70.41	399.9	2000	0	87.23	-14.1	1.37	0.7	-0.22	2.74	1.00	0.00	0.16	111115
39	"11:47:10"	225.0	1	22	0.124	87.8	2.57	1.77	33.48	2.06	2.29	1	4.57	32.30	31.84	32.29	399.44	387.58	37.954	39.224	68.17	70.45	400.0	2000	0	87.23	-14.1	1.37	1.0	-0.22	2.74	1.00	0.00	0.16	111115
40	"11:47:16"	230.5	1	21.8	0.124	91.9	2.58	1.77	33.49	2.06	2.29	1	4.57	32.31	31.86	32.30	399.35	387.59	37.968	39.246	68.15	70.45	399.9	2000	0	87.23	-14.1	1.37	1.0	-0.22	2.74	1.00	0.00	0.16	111115
41	"11:47:21"	235.5	1	22	0.125	90.5	2.59	1.77	33.48	2.06	2.29	1	4.57	32.31	31.85	32.30	399.42	387.55	37.975	39.256	68.17	70.47	400.0	1999	0	87.23	-14.1	1.37	1.0	-0.22	2.74	1.00	0.00	0.16	111115
42	"11:47:26"	240.5	1	22	0.126	94.3	2.62	1.76	33.48	2.06	2.29	1	4.57	32.31	31.86	32.30	399.42	387.56	37.981	39.276	68.18	70.50	399.9	1999	0	87.23	-14.1	1.37	1.0	-0.22	2.74	1.00	0.00	0.16	111115
"11:47:28 Lamp: ParIn ->  2000 uml"
"11:47:28 CO2 Mixer: CO2R -> 400 uml"
"11:47:28 Coolers: Off"
"11:47:28 Flow: Fixed -> 400 umol/s"
"12:56:16 Flow: Fixed -> 400 umol/s"
