"OpenRecomp 6.1"
"/User/DataRO_053014_RR12_c202c"
"Thr Jun  5 2014 16:15:22"
"**************"
"OPEN 6.2.5"
"Fri May 30 2014 11:29:41"
<open><version>"6.2.5"</version></open>
<open><configfile>"/User/Configs/UserPrefs/LED 2x3 Broadleaf EB.xml"</configfile></open>
<open><light><source>"6400-02 or -02B LED Source"</source><par_in>1<sensor>"SI-3101"<cal>-0.89<actinity>1.00</actinity><transm>1.00</transm></cal></sensor><transm>1</transm></par_in><par_out>1<sensor>"Q44856"<cal>6.83</cal></sensor></par_out></light></open>
<open><comps><file>"/User/Configs/Comps/StdComps_6.1"<header>""</header><extras></extras></file><energybal>yes<f_parIn>1</f_parIn><f_parOut>0</f_parOut><alphaK>0.16</alphaK></energybal><bc_total>4.597<stomatal_ratio>1</stomatal_ratio><bc_oneside>2.298<type>2</type><table>"/Sys/Lib/StdBLCTable"</table><area>2</area><slope>-0.219565</slope><offset>2.73739</offset><fan>5</fan></bc_oneside></bc_total></comps></open>
<open><prompts><onlog>off</onlog><items>"Default (none)"</items></prompts></open>
<open><constants><oxygen>21 %</oxygen><bb_vapor>1.5</bb_vapor><bb_oxy>0.9</bb_oxy></constants></open>
<open><stability><items>"Std Stability"<items[1]><id>-2</id><size>15</size><pcv><onoff>0</onoff><value>1</value></pcv><std><onoff>0</onoff><value>1</value></std><slp><onoff>1</onoff><value>1</value></slp></items[1]><items[2]><id>-5</id><size>15</size><pcv><onoff>0</onoff><value>1</value></pcv><std><onoff>0</onoff><value>1</value></std><slp><onoff>1</onoff><value>1</value></slp></items[2]><items[3]><id>-7</id><size>15</size><pcv><onoff>0</onoff><value>1</value></pcv><std><onoff>0</onoff><value>1</value></std><slp><onoff>1</onoff><value>1</value></slp></items[3]></items></stability></open>
<open><log><format>"StdLogFmt_6.0"<items>{ -35 -21 -36 -76 30 23 36 21 25 221 -33 111 -34 11 -9 -10 -8 -1 -2 -4 -5 -14 -15 -7 -12 -13 -11 -65 -66 -72 -18 -19 -77 -78 -79 -23  }<hdr>{  }</hdr></items></format><options><beep>on</beep><hdr>normal</hdr><rem>normal</rem><stab>no</stab><stats>no<mean>no</mean><file>no</file><period>15</period></stats><excel>yes</excel><controls>yes</controls><comm>no</comm></options><datafile>"/User/DataRO_053014_RR12_c202c"</datafile><button><action>"Normal Log"<code>" LogOneObsManual "</code></action></button><autoprog>"/User/Configs/AutoProgs/AutoLog2"<active>no</active></autoprog></log></open>
<open><a2d><avgtime>4.0 secs</avgtime><userchans><ch20>"Off"</ch20><ch21>"Off"</ch21><ch22>"Off"</ch22><ch23>"Off"</ch23></userchans></a2d></open>
<open><matching><type>0</type><disp>'a'</disp><settings><CO2Limit>10.0</CO2Limit><H2OLimit>1.0</H2OLimit><MaxAutoTime>60</MaxAutoTime></settings></matching></open>
<li6400><factory><unit>"PSC-3143"</unit><serviced>"8 Mar 2011"</serviced><fuseaware>0</fuseaware><co2mixer>yes</co2mixer><co2><coeffs>{ 0 0.213824 2.35017e-05 2.07122e-08 -3.49697e-12 3.25504e-16  }</coeffs><dvdt>-3.5</dvdt><xs>{ 0.0006 -0.0003  }</xs></co2><h2o><coeffs>{ 0 0.00583775 2.0458e-06 9.30148e-11  }</coeffs><dvdt>-0.9</dvdt><xs>{ 0.0007 -0.0017  }</xs></h2o><flow>{ 0 0.37  }</flow><press>{ 87.338 0.0055  }</press></factory></li6400>
<li6400><user><flow_zero>-35.0</flow_zero><irga_zero><co2>901.5 -815.3<at>25.8989</at></co2><h2o>4.1 -503.2<at>21.1119</at></h2o></irga_zero><irga_span><co2>{ 0.991086 0.993135  }</co2><h2o>{ 1.00408 0.997584  }</h2o></irga_span><irga_match><co2>{ -3.90869 -14.0562  }</co2><h2o>{ 0.0465232 1.37275  }</h2o></irga_match><co2_mixer><pump_mv>4500</pump_mv><ppm>{ 2434.39 1093.37 394.698 226.439 84.8806 35.4631 12.0808 8.4591  }</ppm><mv>{ 5000 3000 1500 1000 500 300 200 100  }</mv></co2_mixer><parin_offset>-1.77139</parin_offset><led_cal><unit>"SI-3101"</unit><mv>{ 10 25 50 100 1000 2000 3000 4000 5000  }</mv><qntm>{ 1.951 12.0575 30.6597 74.5522 925.175 1836.15 2700.41 3524.78 4287.11  }</qntm></led_cal><lcf_cal><unit>"LCF-1411"</unit><red><mv>{ 50 100 200 400 800 1500  }</mv><qntm>{ 67.5959 152.988 327.042 689.376 1428 2676.31  }</qntm></red><blue><mv>{ 100 500 1000 2000 3000 4000 5000  }</mv><qntm>{ 5.32999 36.7918 67.8478 118.819 164.48 203.6 238.997  }</qntm></blue></lcf_cal></user></li6400>
"11:29:44 "
$STARTOFDATA$
"Obs"	"HHMMSS"	"FTime"	"EBal?"	"Photo"	"Cond"	"Ci"	"Trmmol"	"VpdL"	"CTleaf"	"Area"	"BLC_1"	"StmRat"	"BLCond"	"Tair"	"Tleaf"	"TBlk"	"CO2R"	"CO2S"	"H2OR"	"H2OS"	"RH_R"	"RH_S"	"Flow"	"PARi"	"PARo"	"Press"	"CsMch"	"HsMch"	"StableF"	"BLCslope"	"BLCoffst"	"f_parin"	"f_parout"	"alphaK"	"Status"
"11:29:44 Launched AutoProg /User/Configs/AutoProgs/AutoLog2"
"11:29:47 Lamp: ParIn ->  2000 uml"
"11:29:47 CO2 Mixer: CO2R -> 400 uml"
"11:29:47 Coolers: Off"
"11:29:47 Flow: Fixed -> 400 umol/s"
1	"11:29:52"	114.5	1	14.2	0.148	220	2.67	1.57	30.96	3.09	2.06	1	4.12	29.22	29.24	29.10	399.71	387.92	31.644	33.638	67.78	72.05	400.0	2001	0	87.25	-14.1	1.37	1.0	-0.22	2.74	1.00	0.00	0.16	111115
2	"11:29:58"	120.0	1	14	0.147	222	2.67	1.57	30.98	3.09	2.06	1	4.12	29.24	29.26	29.12	399.54	387.92	31.684	33.676	67.79	72.05	399.9	2000	0	87.25	-14.1	1.37	1.0	-0.22	2.74	1.00	0.00	0.16	111115
3	"11:30:03"	125.0	1	14.2	0.148	220	2.67	1.57	30.98	3.09	2.06	1	4.12	29.26	29.27	29.14	399.60	387.84	31.715	33.711	67.78	72.04	399.9	2000	0	87.25	-14.1	1.37	1.0	-0.22	2.74	1.00	0.00	0.16	111115
4	"11:30:08"	130.0	1	14.1	0.148	221	2.67	1.57	31.00	3.09	2.06	1	4.12	29.27	29.29	29.16	399.51	387.78	31.755	33.751	67.82	72.09	399.9	2000	0	87.25	-14.1	1.37	1.0	-0.22	2.74	1.00	0.00	0.16	111115
5	"11:30:13"	135.5	1	14.2	0.148	220	2.68	1.57	31.02	3.09	2.06	1	4.12	29.29	29.31	29.18	399.53	387.72	31.791	33.794	67.82	72.10	399.9	1999	0	87.25	-14.1	1.37	1.0	-0.22	2.74	1.00	0.00	0.16	111115
6	"11:30:18"	140.5	1	14.3	0.148	220	2.68	1.57	31.02	3.09	2.06	1	4.12	29.31	29.31	29.20	399.50	387.68	31.828	33.827	67.82	72.08	399.9	1999	0	87.25	-14.1	1.37	1.0	-0.22	2.74	1.00	0.00	0.16	111115
7	"11:30:23"	145.5	1	14.2	0.148	220	2.68	1.57	31.04	3.09	2.06	1	4.12	29.33	29.33	29.22	399.42	387.63	31.861	33.865	67.81	72.08	399.9	1999	0	87.25	-14.1	1.37	1.0	-0.22	2.74	1.00	0.00	0.16	111115
8	"11:30:29"	151.0	1	14.3	0.149	220	2.69	1.57	31.05	3.09	2.06	1	4.12	29.34	29.35	29.23	399.44	387.60	31.900	33.909	67.86	72.13	399.9	1998	0	87.25	-14.1	1.37	1.0	-0.22	2.74	1.00	0.00	0.16	111115
9	"11:30:34"	156.0	1	14.4	0.148	218	2.68	1.57	31.08	3.09	2.06	1	4.12	29.36	29.37	29.25	399.47	387.54	31.943	33.946	67.87	72.13	399.9	2001	0	87.25	-14.1	1.37	1.0	-0.22	2.74	1.00	0.00	0.16	111115
10	"11:30:39"	161.0	1	14.4	0.148	218	2.69	1.57	31.10	3.09	2.06	1	4.12	29.38	29.39	29.27	399.46	387.52	31.979	33.987	67.87	72.13	399.9	2001	0	87.25	-14.1	1.37	1.0	-0.22	2.74	1.00	0.00	0.16	111115
11	"11:30:44"	166.5	1	14.5	0.149	218	2.7	1.57	31.11	3.09	2.06	1	4.12	29.40	29.41	29.29	399.49	387.49	32.020	34.034	67.88	72.15	399.9	2000	0	87.25	-14.1	1.37	1.0	-0.22	2.74	1.00	0.00	0.16	111115
12	"11:30:49"	171.5	1	14.4	0.149	219	2.7	1.57	31.12	3.09	2.06	1	4.12	29.42	29.42	29.31	399.47	387.52	32.054	34.070	67.87	72.14	400.0	2000	0	87.25	-14.1	1.37	1.0	-0.22	2.74	1.00	0.00	0.16	111115
13	"11:30:55"	177.0	1	14.6	0.148	216	2.7	1.57	31.14	3.09	2.06	1	4.12	29.44	29.43	29.33	399.59	387.47	32.096	34.109	67.88	72.14	399.9	2001	0	87.25	-14.1	1.37	1.0	-0.22	2.74	1.00	0.00	0.16	111115
14	"11:31:00"	182.0	1	14.6	0.149	216	2.7	1.57	31.15	3.09	2.06	1	4.12	29.45	29.44	29.35	399.54	387.44	32.130	34.143	67.92	72.17	399.9	2000	0	87.25	-14.1	1.37	1.0	-0.22	2.74	1.00	0.00	0.16	111115
15	"11:31:05"	187.0	1	14.5	0.149	217	2.7	1.57	31.17	3.09	2.06	1	4.12	29.47	29.46	29.37	399.38	387.35	32.165	34.180	67.91	72.17	399.9	2000	0	87.25	-14.1	1.37	1.0	-0.22	2.74	1.00	0.00	0.16	111115
16	"11:31:10"	192.5	1	14.5	0.149	217	2.7	1.57	31.18	3.09	2.06	1	4.12	29.49	29.47	29.39	399.35	387.30	32.206	34.223	67.92	72.17	399.9	2000	0	87.25	-14.1	1.37	1.0	-0.22	2.74	1.00	0.00	0.16	111115
17	"11:31:15"	197.5	1	14.7	0.148	215	2.69	1.57	31.19	3.09	2.06	1	4.12	29.50	29.48	29.40	399.38	387.25	32.240	34.250	67.95	72.19	399.9	2000	0	87.25	-14.1	1.37	1.0	-0.22	2.74	1.00	0.00	0.16	111115
18	"11:31:20"	202.5	1	14.7	0.148	215	2.69	1.57	31.20	3.09	2.06	1	4.12	29.52	29.49	29.42	399.37	387.24	32.275	34.286	67.95	72.18	399.9	2000	0	87.25	-14.1	1.37	1.0	-0.22	2.74	1.00	0.00	0.16	111115
19	"11:31:26"	208.0	1	14.8	0.148	214	2.69	1.57	31.22	3.09	2.06	1	4.12	29.53	29.51	29.43	399.50	387.28	32.313	34.322	67.99	72.21	399.9	2000	0	87.25	-14.1	1.37	1.0	-0.22	2.74	1.00	0.00	0.16	111115
20	"11:31:31"	213.0	1	14.7	0.147	213	2.68	1.57	31.23	3.09	2.06	1	4.12	29.54	29.52	29.45	399.43	387.25	32.353	34.354	68.03	72.24	399.9	2000	0	87.25	-14.1	1.37	1.0	-0.22	2.74	1.00	0.00	0.16	111115
21	"11:31:36"	218.0	1	14.7	0.146	213	2.67	1.58	31.25	3.09	2.06	1	4.12	29.56	29.53	29.46	399.35	387.23	32.390	34.381	68.03	72.21	400.0	2000	0	87.25	-14.1	1.37	1.0	-0.22	2.74	1.00	0.00	0.16	111115
22	"11:31:41"	223.5	1	14.7	0.147	212	2.67	1.58	31.26	3.09	2.06	1	4.12	29.57	29.54	29.48	399.35	387.17	32.429	34.422	68.07	72.26	399.9	2000	0	87.25	-14.1	1.37	1.0	-0.22	2.74	1.00	0.00	0.16	111115
23	"11:31:46"	228.5	1	14.7	0.147	214	2.67	1.57	31.26	3.09	2.06	1	4.12	29.58	29.54	29.49	399.26	387.14	32.463	34.455	68.11	72.29	399.9	2000	0	87.25	-14.1	1.37	1.0	-0.22	2.74	1.00	0.00	0.16	111115
24	"11:31:51"	233.5	1	14.8	0.146	211	2.67	1.57	31.28	3.09	2.06	1	4.12	29.59	29.56	29.50	399.31	387.05	32.498	34.488	68.14	72.31	400.0	2000	0	87.25	-14.1	1.37	1.0	-0.22	2.74	1.00	0.00	0.16	111115
25	"11:31:56"	239.0	1	14.8	0.146	210	2.65	1.57	31.29	3.09	2.06	1	4.12	29.61	29.56	29.52	399.33	387.08	32.546	34.526	68.16	72.31	400.0	2000	0	87.25	-14.1	1.37	1.0	-0.22	2.74	1.00	0.00	0.16	111115
26	"11:32:01"	244.0	1	15	0.145	208	2.64	1.57	31.30	3.09	2.06	1	4.12	29.62	29.57	29.53	399.46	387.10	32.583	34.556	68.20	72.33	399.9	2001	0	87.25	-14.1	1.37	1.0	-0.22	2.74	1.00	0.00	0.16	111115
27	"11:32:06"	249.0	1	14.9	0.145	209	2.63	1.57	31.31	3.09	2.06	1	4.12	29.63	29.57	29.55	399.39	387.12	32.620	34.585	68.24	72.35	399.9	2001	0	87.25	-14.1	1.37	1.0	-0.22	2.74	1.00	0.00	0.16	111115
28	"11:32:12"	254.5	1	14.9	0.144	208	2.63	1.57	31.33	3.09	2.06	1	4.12	29.64	29.59	29.56	399.36	387.09	32.661	34.624	68.29	72.39	399.9	2000	0	87.25	-14.1	1.37	1.0	-0.22	2.74	1.00	0.00	0.16	111115
29	"11:32:17"	259.5	1	14.9	0.144	207	2.62	1.58	31.35	3.09	2.06	1	4.12	29.65	29.61	29.57	399.30	386.97	32.700	34.658	68.33	72.42	399.9	2000	0	87.25	-14.1	1.37	1.0	-0.22	2.74	1.00	0.00	0.16	111115
30	"11:32:22"	264.5	1	15	0.144	206	2.63	1.58	31.36	3.09	2.06	1	4.12	29.67	29.62	29.58	399.32	386.92	32.739	34.697	68.33	72.42	400.0	2000	0	87.25	-14.1	1.37	1.0	-0.22	2.74	1.00	0.00	0.16	111115
31	"11:32:27"	270.0	1	15	0.143	205	2.62	1.58	31.37	3.09	2.06	1	4.12	29.68	29.63	29.60	399.32	386.94	32.785	34.737	68.39	72.46	399.9	2000	0	87.25	-14.1	1.37	1.0	-0.22	2.74	1.00	0.00	0.16	111115
32	"11:32:32"	275.0	1	15	0.143	205	2.61	1.58	31.38	3.09	2.06	1	4.12	29.69	29.64	29.61	399.31	386.94	32.823	34.769	68.43	72.48	399.9	1999	0	87.25	-14.1	1.37	1.0	-0.22	2.74	1.00	0.00	0.16	111115
33	"11:32:37"	280.0	1	15.1	0.142	204	2.6	1.58	31.39	3.09	2.06	1	4.12	29.70	29.64	29.62	399.26	386.85	32.865	34.803	68.48	72.51	400.0	1999	0	87.25	-14.1	1.37	1.0	-0.22	2.74	1.00	0.00	0.16	111115
34	"11:32:43"	285.5	1	15.2	0.142	202	2.58	1.57	31.39	3.09	2.06	1	4.12	29.71	29.63	29.63	399.22	386.74	32.907	34.834	68.52	72.54	399.9	2000	0	87.25	-14.1	1.37	1.0	-0.22	2.74	1.00	0.00	0.16	111115
35	"11:32:48"	290.5	1	15.2	0.141	200	2.57	1.57	31.40	3.09	2.06	1	4.12	29.72	29.64	29.64	399.26	386.71	32.947	34.867	68.57	72.56	399.9	1999	0	87.25	-14.1	1.37	0.7	-0.22	2.74	1.00	0.00	0.16	111115
36	"11:32:53"	295.5	1	15.2	0.141	200	2.57	1.57	31.41	3.09	2.06	1	4.12	29.72	29.65	29.65	399.18	386.69	32.987	34.901	68.65	72.63	399.9	2000	0	87.25	-14.1	1.37	1.0	-0.22	2.74	1.00	0.00	0.16	111115
37	"11:32:58"	301.0	1	15.2	0.14	200	2.56	1.57	31.43	3.09	2.06	1	4.12	29.73	29.66	29.66	399.16	386.69	33.028	34.935	68.70	72.66	400.0	2000	0	87.25	-14.1	1.37	1.0	-0.22	2.74	1.00	0.00	0.16	111115
38	"11:33:03"	306.0	1	15.4	0.14	197	2.55	1.57	31.44	3.09	2.06	1	4.12	29.74	29.67	29.66	399.30	386.64	33.068	34.971	68.74	72.70	399.9	2000	0	87.25	-14.1	1.37	1.0	-0.22	2.74	1.00	0.00	0.16	111115
39	"11:33:08"	311.0	1	15.3	0.14	198	2.55	1.57	31.45	3.09	2.06	1	4.12	29.75	29.68	29.67	399.20	386.65	33.109	35.010	68.79	72.74	400.0	2000	0	87.25	-14.1	1.37	1.0	-0.22	2.74	1.00	0.00	0.16	111115
40	"11:33:14"	316.5	1	15.3	0.139	196	2.54	1.57	31.46	3.09	2.06	1	4.12	29.76	29.69	29.69	399.23	386.62	33.155	35.046	68.83	72.76	400.0	2000	0	87.24	-14.1	1.37	1.0	-0.22	2.74	1.00	0.00	0.16	111115
41	"11:33:19"	321.5	1	15.4	0.139	196	2.53	1.57	31.47	3.09	2.06	1	4.12	29.77	29.70	29.70	399.25	386.63	33.195	35.085	68.89	72.81	399.9	2000	0	87.25	-14.1	1.37	1.0	-0.22	2.74	1.00	0.00	0.16	111115
42	"11:33:24"	326.5	1	15.3	0.139	197	2.53	1.57	31.47	3.09	2.06	1	4.12	29.78	29.69	29.71	399.18	386.63	33.234	35.119	68.93	72.84	400.0	2000	0	87.25	-14.1	1.37	1.0	-0.22	2.74	1.00	0.00	0.16	111115
43	"11:33:29"	332.0	1	15.3	0.138	195	2.52	1.57	31.48	3.09	2.06	1	4.12	29.80	29.70	29.72	399.26	386.67	33.279	35.155	68.94	72.83	400.0	2001	0	87.25	-14.1	1.37	1.0	-0.22	2.74	1.00	0.00	0.16	111115
44	"11:33:34"	337.0	1	15.3	0.138	195	2.51	1.57	31.49	3.09	2.06	1	4.12	29.81	29.70	29.73	399.17	386.60	33.314	35.184	68.97	72.84	400.0	2001	0	87.24	-14.1	1.37	1.0	-0.22	2.74	1.00	0.00	0.16	111115
45	"11:33:39"	342.0	1	15.3	0.138	195	2.5	1.57	31.49	3.09	2.06	1	4.12	29.82	29.70	29.75	399.18	386.60	33.355	35.219	69.02	72.88	399.9	2001	0	87.25	-14.1	1.37	1.0	-0.22	2.74	1.00	0.00	0.16	111115
46	"11:33:45"	347.5	1	15.5	0.138	193	2.5	1.57	31.50	3.09	2.06	1	4.12	29.83	29.71	29.76	399.22	386.53	33.394	35.259	69.06	72.92	399.9	2001	0	87.25	-14.1	1.37	1.0	-0.22	2.74	1.00	0.00	0.16	111115
47	"11:33:50"	352.5	1	15.2	0.137	194	2.49	1.57	31.53	3.09	2.06	1	4.12	29.84	29.73	29.77	399.20	386.68	33.438	35.293	69.11	72.94	400.0	2001	0	87.25	-14.1	1.37	1.0	-0.22	2.74	1.00	0.00	0.16	111115
48	"11:33:55"	357.5	1	15.4	0.137	193	2.49	1.57	31.54	3.09	2.06	1	4.12	29.85	29.74	29.78	399.20	386.58	33.476	35.333	69.15	72.99	399.9	2001	0	87.25	-14.1	1.37	1.0	-0.22	2.74	1.00	0.00	0.16	111115
49	"11:34:00"	363.0	1	15.1	0.137	197	2.49	1.57	31.54	3.09	2.06	1	4.12	29.86	29.75	29.80	399.03	386.63	33.524	35.379	69.21	73.04	399.9	2000	0	87.25	-14.1	1.37	1.0	-0.22	2.74	1.00	0.00	0.16	111115
"11:34:06 Lamp: ParIn ->  2000 uml"
"11:34:07 CO2 Mixer: CO2R -> 400 uml"
"11:34:07 Coolers: Off"
"11:34:07 Flow: Fixed -> 400 umol/s"
