"OpenRecomp 6.1"
"/User/DataRO_053014_OI19_c12s"
"Thr Jun  5 2014 16:13:56"
"**************"
"OPEN 6.2.5"
"Fri May 30 2014 14:06:33"
<open><version>"6.2.5"</version></open>
<open><configfile>"/User/Configs/UserPrefs/LED 2x3 Broadleaf EB.xml"</configfile></open>
<open><light><source>"6400-02 or -02B LED Source"</source><par_in>1<sensor>"SI-3101"<cal>-0.89<actinity>1.00</actinity><transm>1.00</transm></cal></sensor><transm>1</transm></par_in><par_out>1<sensor>"Q44856"<cal>6.83</cal></sensor></par_out></light></open>
<open><comps><file>"/User/Configs/Comps/StdComps_6.1"<header>""</header><extras></extras></file><energybal>yes<f_parIn>1</f_parIn><f_parOut>0</f_parOut><alphaK>0.16</alphaK></energybal><bc_total>4.597<stomatal_ratio>1</stomatal_ratio><bc_oneside>2.298<type>2</type><table>"/Sys/Lib/StdBLCTable"</table><area>2</area><slope>-0.219565</slope><offset>2.73739</offset><fan>5</fan></bc_oneside></bc_total></comps></open>
<open><prompts><onlog>off</onlog><items>"Default (none)"</items></prompts></open>
<open><constants><oxygen>21 %</oxygen><bb_vapor>1.5</bb_vapor><bb_oxy>0.9</bb_oxy></constants></open>
<open><stability><items>"Std Stability"<items[1]><id>-2</id><size>15</size><pcv><onoff>0</onoff><value>1</value></pcv><std><onoff>0</onoff><value>1</value></std><slp><onoff>1</onoff><value>1</value></slp></items[1]><items[2]><id>-5</id><size>15</size><pcv><onoff>0</onoff><value>1</value></pcv><std><onoff>0</onoff><value>1</value></std><slp><onoff>1</onoff><value>1</value></slp></items[2]><items[3]><id>-7</id><size>15</size><pcv><onoff>0</onoff><value>1</value></pcv><std><onoff>0</onoff><value>1</value></std><slp><onoff>1</onoff><value>1</value></slp></items[3]></items></stability></open>
<open><log><format>"StdLogFmt_6.0"<items>{ -35 -21 -36 -76 30 23 36 21 25 221 -33 111 -34 11 -9 -10 -8 -1 -2 -4 -5 -14 -15 -7 -12 -13 -11 -65 -66 -72 -18 -19 -77 -78 -79 -23  }<hdr>{  }</hdr></items></format><options><beep>on</beep><hdr>normal</hdr><rem>normal</rem><stab>no</stab><stats>no<mean>no</mean><file>no</file><period>15</period></stats><excel>yes</excel><controls>yes</controls><comm>no</comm></options><datafile>"/User/DataRO_053014_OI19_c12s"</datafile><button><action>"Normal Log"<code>" LogOneObsManual "</code></action></button><autoprog>"/User/Configs/AutoProgs/AutoLog2"<active>no</active></autoprog></log></open>
<open><a2d><avgtime>4.0 secs</avgtime><userchans><ch20>"Off"</ch20><ch21>"Off"</ch21><ch22>"Off"</ch22><ch23>"Off"</ch23></userchans></a2d></open>
<open><matching><type>0</type><disp>'a'</disp><settings><CO2Limit>10.0</CO2Limit><H2OLimit>1.0</H2OLimit><MaxAutoTime>60</MaxAutoTime></settings></matching></open>
<li6400><factory><unit>"PSC-3143"</unit><serviced>"8 Mar 2011"</serviced><fuseaware>0</fuseaware><co2mixer>yes</co2mixer><co2><coeffs>{ 0 0.213824 2.35017e-05 2.07122e-08 -3.49697e-12 3.25504e-16  }</coeffs><dvdt>-3.5</dvdt><xs>{ 0.0006 -0.0003  }</xs></co2><h2o><coeffs>{ 0 0.00583775 2.0458e-06 9.30148e-11  }</coeffs><dvdt>-0.9</dvdt><xs>{ 0.0007 -0.0017  }</xs></h2o><flow>{ 0 0.37  }</flow><press>{ 87.338 0.0055  }</press></factory></li6400>
<li6400><user><flow_zero>-35.0</flow_zero><irga_zero><co2>901.5 -815.3<at>25.8989</at></co2><h2o>4.1 -503.2<at>21.1119</at></h2o></irga_zero><irga_span><co2>{ 0.991086 0.993135  }</co2><h2o>{ 1.00408 0.997584  }</h2o></irga_span><irga_match><co2>{ -3.90869 -14.1628  }</co2><h2o>{ 0.0465232 1.53093  }</h2o></irga_match><co2_mixer><pump_mv>4500</pump_mv><ppm>{ 2434.39 1093.37 394.698 226.439 84.8806 35.4631 12.0808 8.4591  }</ppm><mv>{ 5000 3000 1500 1000 500 300 200 100  }</mv></co2_mixer><parin_offset>-1.77139</parin_offset><led_cal><unit>"SI-3101"</unit><mv>{ 10 25 50 100 1000 2000 3000 4000 5000  }</mv><qntm>{ 1.951 12.0575 30.6597 74.5522 925.175 1836.15 2700.41 3524.78 4287.11  }</qntm></led_cal><lcf_cal><unit>"LCF-1411"</unit><red><mv>{ 50 100 200 400 800 1500  }</mv><qntm>{ 67.5959 152.988 327.042 689.376 1428 2676.31  }</qntm></red><blue><mv>{ 100 500 1000 2000 3000 4000 5000  }</mv><qntm>{ 5.32999 36.7918 67.8478 118.819 164.48 203.6 238.997  }</qntm></blue></lcf_cal></user></li6400>
"14:06:35 "
$STARTOFDATA$
"Obs"	"HHMMSS"	"FTime"	"EBal?"	"Photo"	"Cond"	"Ci"	"Trmmol"	"VpdL"	"CTleaf"	"Area"	"BLC_1"	"StmRat"	"BLCond"	"Tair"	"Tleaf"	"TBlk"	"CO2R"	"CO2S"	"H2OR"	"H2OS"	"RH_R"	"RH_S"	"Flow"	"PARi"	"PARo"	"Press"	"CsMch"	"HsMch"	"StableF"	"BLCslope"	"BLCoffst"	"f_parin"	"f_parout"	"alphaK"	"Status"
"14:06:35 Launched AutoProg /User/Configs/AutoProgs/AutoLog2"
"14:06:37 Lamp: ParIn ->  2000 uml"
"14:06:37 CO2 Mixer: CO2R -> 400 uml"
"14:06:37 Coolers: Off"
"14:06:38 Flow: Fixed -> 400 umol/s"
1	"14:06:43"	46.5	1	20.6	0.167	171	4.83	2.34	35.21	2.15	2.27	1	4.53	34.19	34.40	34.00	399.67	387.60	38.351	40.841	58.64	62.45	400.0	2002	0	82.57	-14.2	1.53	1.0	-0.22	2.74	1.00	0.00	0.16	111115
2	"14:06:48"	51.5	1	20.7	0.169	172	4.89	2.34	35.23	2.15	2.27	1	4.53	34.20	34.44	34.01	399.96	387.81	38.379	40.900	58.65	62.51	399.9	2001	0	82.57	-14.2	1.53	0.7	-0.22	2.74	1.00	0.00	0.16	111115
3	"14:06:53"	56.5	1	20.4	0.17	177	4.94	2.34	35.25	2.15	2.27	1	4.53	34.22	34.48	34.03	400.13	388.14	38.409	40.954	58.63	62.52	399.9	2000	0	82.57	-14.2	1.53	0.7	-0.22	2.74	1.00	0.00	0.16	111115
4	"14:06:58"	62.0	1	20.2	0.172	181	4.99	2.35	35.27	2.15	2.27	1	4.53	34.24	34.52	34.06	400.17	388.28	38.441	41.014	58.62	62.54	400.0	2000	0	82.57	-14.2	1.53	0.7	-0.22	2.74	1.00	0.00	0.16	111115
5	"14:07:03"	67.0	1	20.1	0.173	183	5.03	2.35	35.29	2.15	2.27	1	4.53	34.27	34.56	34.08	400.28	388.43	38.472	41.064	58.57	62.51	400.0	2000	0	82.57	-14.2	1.53	0.7	-0.22	2.74	1.00	0.00	0.16	111115
6	"14:07:08"	72.0	1	20	0.174	185	5.07	2.35	35.32	2.15	2.27	1	4.53	34.29	34.60	34.11	400.32	388.52	38.508	41.120	58.56	62.53	400.0	2000	0	82.57	-14.2	1.53	0.7	-0.22	2.74	1.00	0.00	0.16	111115
7	"14:07:14"	77.5	1	19.9	0.176	188	5.11	2.35	35.31	2.15	2.27	1	4.53	34.32	34.61	34.14	400.32	388.55	38.534	41.170	58.50	62.50	399.9	2000	0	82.57	-14.2	1.53	0.7	-0.22	2.74	1.00	0.00	0.16	111115
8	"14:07:19"	82.5	1	19.8	0.179	192	5.18	2.35	35.33	2.15	2.27	1	4.53	34.35	34.65	34.18	400.30	388.59	38.551	41.218	58.43	62.47	400.0	2000	0	82.57	-14.2	1.53	1.0	-0.22	2.74	1.00	0.00	0.16	111115
9	"14:07:24"	87.5	1	19.4	0.18	196	5.22	2.36	35.36	2.15	2.27	1	4.53	34.38	34.70	34.21	400.22	388.68	38.571	41.262	58.36	62.43	400.0	1999	0	82.57	-14.2	1.53	1.0	-0.22	2.74	1.00	0.00	0.16	111115
10	"14:07:29"	93.0	1	20	0.181	192	5.27	2.36	35.38	2.15	2.27	1	4.53	34.42	34.73	34.24	400.39	388.54	38.592	41.310	58.25	62.36	399.9	1999	0	82.56	-14.2	1.53	1.0	-0.22	2.74	1.00	0.00	0.16	111115
11	"14:07:34"	98.0	1	19.6	0.181	196	5.28	2.36	35.40	2.15	2.27	1	4.53	34.45	34.76	34.28	400.28	388.65	38.629	41.349	58.22	62.32	400.0	1999	0	82.57	-14.2	1.53	1.0	-0.22	2.74	1.00	0.00	0.16	111115
12	"14:07:39"	103.0	1	19.8	0.183	195	5.3	2.35	35.39	2.15	2.27	1	4.53	34.48	34.75	34.30	400.25	388.51	38.657	41.387	58.16	62.27	400.0	1999	0	82.57	-14.2	1.53	1.0	-0.22	2.74	1.00	0.00	0.16	111115
13	"14:07:45"	108.5	1	20	0.183	193	5.3	2.35	35.40	2.15	2.27	1	4.53	34.50	34.76	34.32	400.34	388.48	38.691	41.423	58.15	62.26	399.9	1999	0	82.57	-14.2	1.53	1.0	-0.22	2.74	1.00	0.00	0.16	111115
14	"14:07:50"	113.5	1	19.8	0.183	195	5.32	2.35	35.41	2.15	2.27	1	4.53	34.53	34.77	34.34	400.28	388.50	38.719	41.461	58.10	62.21	399.9	2000	0	82.57	-14.2	1.53	1.0	-0.22	2.74	1.00	0.00	0.16	111115
15	"14:07:55"	118.5	1	19.9	0.183	194	5.31	2.35	35.40	2.15	2.27	1	4.53	34.54	34.76	34.36	400.22	388.39	38.749	41.486	58.11	62.21	399.9	2000	0	82.57	-14.2	1.53	1.0	-0.22	2.74	1.00	0.00	0.16	111115
16	"14:08:00"	124.0	1	20.1	0.183	193	5.32	2.36	35.43	2.15	2.27	1	4.53	34.56	34.79	34.37	400.19	388.29	38.776	41.517	58.08	62.19	400.0	2001	0	82.57	-14.2	1.53	1.0	-0.22	2.74	1.00	0.00	0.16	111115
17	"14:08:05"	129.0	1	20.1	0.183	193	5.33	2.36	35.44	2.15	2.27	1	4.53	34.57	34.80	34.39	400.18	388.26	38.800	41.545	58.09	62.20	399.9	2000	0	82.57	-14.2	1.53	1.0	-0.22	2.74	1.00	0.00	0.16	111115
18	"14:08:10"	134.0	1	20.1	0.184	194	5.34	2.35	35.43	2.15	2.27	1	4.53	34.59	34.79	34.39	400.12	388.22	38.813	41.564	58.04	62.16	399.9	2001	0	82.57	-14.2	1.53	1.0	-0.22	2.74	1.00	0.00	0.16	111115
19	"14:08:16"	139.5	1	20.1	0.185	194	5.35	2.35	35.43	2.15	2.27	1	4.53	34.60	34.80	34.40	400.08	388.17	38.824	41.581	58.03	62.15	399.9	2001	0	82.57	-14.2	1.53	1.0	-0.22	2.74	1.00	0.00	0.16	111115
20	"14:08:21"	144.5	1	20.4	0.184	191	5.36	2.36	35.46	2.15	2.27	1	4.53	34.61	34.83	34.42	400.12	388.02	38.843	41.604	58.02	62.15	399.9	2001	0	82.57	-14.2	1.53	1.0	-0.22	2.74	1.00	0.00	0.16	111115
21	"14:08:26"	149.5	1	20.4	0.185	191	5.38	2.36	35.48	2.15	2.27	1	4.53	34.62	34.86	34.43	400.21	388.11	38.855	41.627	58.01	62.15	399.9	2000	0	82.57	-14.2	1.53	1.0	-0.22	2.74	1.00	0.00	0.16	111115
22	"14:08:31"	155.0	1	20.2	0.185	193	5.4	2.37	35.51	2.15	2.27	1	4.53	34.64	34.90	34.46	400.18	388.18	38.873	41.656	57.97	62.12	399.9	2000	0	82.57	-14.2	1.53	1.0	-0.22	2.74	1.00	0.00	0.16	111115
23	"14:08:36"	160.0	1	20.3	0.185	193	5.42	2.37	35.53	2.15	2.27	1	4.53	34.66	34.93	34.48	400.17	388.13	38.890	41.683	57.93	62.09	399.9	1999	0	82.57	-14.2	1.53	1.0	-0.22	2.74	1.00	0.00	0.16	111115
24	"14:08:41"	165.0	1	20.4	0.185	192	5.43	2.38	35.55	2.15	2.27	1	4.53	34.68	34.95	34.51	400.16	388.08	38.921	41.716	57.91	62.07	400.0	1999	0	82.57	-14.2	1.53	1.0	-0.22	2.74	1.00	0.00	0.16	111115
25	"14:08:47"	170.5	1	20.4	0.185	191	5.43	2.39	35.58	2.15	2.27	1	4.53	34.71	34.99	34.54	400.16	388.05	38.954	41.754	57.87	62.03	399.9	1999	0	82.57	-14.2	1.53	1.0	-0.22	2.74	1.00	0.00	0.16	111115
26	"14:08:52"	175.5	1	20.5	0.185	191	5.45	2.39	35.60	2.15	2.27	1	4.53	34.74	35.01	34.57	400.18	388.04	38.984	41.791	57.82	61.98	400.0	1999	0	82.57	-14.2	1.53	1.0	-0.22	2.74	1.00	0.00	0.16	111115
27	"14:08:57"	180.5	1	20.5	0.186	191	5.47	2.39	35.61	2.15	2.27	1	4.53	34.76	35.03	34.59	400.23	388.07	39.020	41.837	57.80	61.98	400.0	2001	0	82.57	-14.2	1.53	1.0	-0.22	2.74	1.00	0.00	0.16	111115
28	"14:09:02"	186.0	1	20.6	0.186	190	5.48	2.39	35.64	2.15	2.27	1	4.53	34.79	35.06	34.63	400.19	387.98	39.050	41.874	57.75	61.93	400.0	2001	0	82.57	-14.2	1.53	1.0	-0.22	2.74	1.00	0.00	0.16	111115
29	"14:09:07"	191.0	1	20.6	0.185	189	5.48	2.4	35.68	2.15	2.27	1	4.53	34.82	35.10	34.66	400.25	388.02	39.086	41.911	57.71	61.88	399.9	2000	0	82.57	-14.2	1.53	1.0	-0.22	2.74	1.00	0.00	0.16	111115
30	"14:09:12"	196.0	1	20.4	0.185	191	5.5	2.4	35.69	2.15	2.27	1	4.53	34.85	35.11	34.69	400.19	388.06	39.122	41.952	57.66	61.83	400.0	2000	0	82.56	-14.2	1.53	1.0	-0.22	2.74	1.00	0.00	0.16	111115
31	"14:09:18"	201.5	1	20.6	0.186	190	5.51	2.41	35.71	2.15	2.27	1	4.53	34.88	35.14	34.72	400.21	388.01	39.158	41.996	57.62	61.79	399.9	2000	0	82.56	-14.2	1.53	1.0	-0.22	2.74	1.00	0.00	0.16	111115
32	"14:09:23"	206.5	1	20.6	0.186	191	5.52	2.41	35.72	2.15	2.27	1	4.53	34.90	35.15	34.75	400.21	387.99	39.190	42.035	57.60	61.78	399.9	2001	0	82.56	-14.2	1.53	1.0	-0.22	2.74	1.00	0.00	0.16	111115
33	"14:09:28"	211.5	1	20.7	0.186	190	5.54	2.41	35.74	2.15	2.27	1	4.53	34.93	35.18	34.78	400.21	387.95	39.222	42.074	57.55	61.74	399.9	2000	0	82.56	-14.2	1.53	1.0	-0.22	2.74	1.00	0.00	0.16	111115
34	"14:09:33"	217.0	1	20.7	0.186	190	5.56	2.42	35.79	2.15	2.27	1	4.53	34.96	35.24	34.80	400.19	387.92	39.258	42.121	57.51	61.70	399.9	1999	0	82.56	-14.2	1.53	1.0	-0.22	2.74	1.00	0.00	0.16	111115
35	"14:09:38"	222.0	1	20.7	0.187	190	5.57	2.42	35.80	2.15	2.27	1	4.53	34.98	35.25	34.84	400.16	387.87	39.296	42.165	57.50	61.70	399.9	1999	0	82.56	-14.2	1.53	1.0	-0.22	2.74	1.00	0.00	0.16	111115
36	"14:09:43"	227.0	1	20.7	0.187	190	5.59	2.43	35.83	2.15	2.27	1	4.53	35.01	35.29	34.87	400.18	387.88	39.335	42.212	57.46	61.67	400.0	1999	0	82.56	-14.2	1.53	1.0	-0.22	2.74	1.00	0.00	0.16	111115
37	"14:09:49"	232.5	1	20.8	0.187	189	5.61	2.43	35.85	2.15	2.27	1	4.53	35.05	35.32	34.90	400.26	387.89	39.373	42.264	57.39	61.60	399.9	1999	0	82.56	-14.2	1.53	1.0	-0.22	2.74	1.00	0.00	0.16	111115
38	"14:09:54"	237.5	1	20.8	0.187	189	5.61	2.43	35.86	2.15	2.27	1	4.53	35.08	35.33	34.93	400.22	387.85	39.413	42.304	57.35	61.56	399.9	1999	0	82.56	-14.2	1.53	1.0	-0.22	2.74	1.00	0.00	0.16	111115
39	"14:09:59"	242.5	1	20.7	0.188	191	5.65	2.43	35.88	2.15	2.27	1	4.53	35.10	35.36	34.96	400.15	387.84	39.446	42.354	57.34	61.57	400.0	2000	0	82.56	-14.2	1.53	1.0	-0.22	2.74	1.00	0.00	0.16	111115
"14:10:04 Lamp: ParIn ->  2000 uml"
"14:10:04 CO2 Mixer: CO2R -> 400 uml"
"14:10:04 Coolers: Off"
"14:10:04 Flow: Fixed -> 400 umol/s"
