"OpenRecomp 6.1"
"/User/DataRO_053014_jh05_c47c"
"Thr Jun  5 2014 16:12:31"
"**************"
"OPEN 6.2.5"
"Fri May 30 2014 15:40:33"
<open><version>"6.2.5"</version></open>
<open><configfile>"/User/Configs/UserPrefs/LED 2x3 Broadleaf EB.xml"</configfile></open>
<open><light><source>"6400-02 or -02B LED Source"</source><par_in>1<sensor>"SI-3101"<cal>-0.89<actinity>1.00</actinity><transm>1.00</transm></cal></sensor><transm>1</transm></par_in><par_out>1<sensor>"Q44856"<cal>6.83</cal></sensor></par_out></light></open>
<open><comps><file>"/User/Configs/Comps/StdComps_6.1"<header>""</header><extras></extras></file><energybal>yes<f_parIn>1</f_parIn><f_parOut>0</f_parOut><alphaK>0.16</alphaK></energybal><bc_total>4.597<stomatal_ratio>1</stomatal_ratio><bc_oneside>2.298<type>2</type><table>"/Sys/Lib/StdBLCTable"</table><area>2</area><slope>-0.219565</slope><offset>2.73739</offset><fan>5</fan></bc_oneside></bc_total></comps></open>
<open><prompts><onlog>off</onlog><items>"Default (none)"</items></prompts></open>
<open><constants><oxygen>21 %</oxygen><bb_vapor>1.5</bb_vapor><bb_oxy>0.9</bb_oxy></constants></open>
<open><stability><items>"Std Stability"<items[1]><id>-2</id><size>15</size><pcv><onoff>0</onoff><value>1</value></pcv><std><onoff>0</onoff><value>1</value></std><slp><onoff>1</onoff><value>1</value></slp></items[1]><items[2]><id>-5</id><size>15</size><pcv><onoff>0</onoff><value>1</value></pcv><std><onoff>0</onoff><value>1</value></std><slp><onoff>1</onoff><value>1</value></slp></items[2]><items[3]><id>-7</id><size>15</size><pcv><onoff>0</onoff><value>1</value></pcv><std><onoff>0</onoff><value>1</value></std><slp><onoff>1</onoff><value>1</value></slp></items[3]></items></stability></open>
<open><log><format>"StdLogFmt_6.0"<items>{ -35 -21 -36 -76 30 23 36 21 25 221 -33 111 -34 11 -9 -10 -8 -1 -2 -4 -5 -14 -15 -7 -12 -13 -11 -65 -66 -72 -18 -19 -77 -78 -79 -23  }<hdr>{  }</hdr></items></format><options><beep>on</beep><hdr>normal</hdr><rem>normal</rem><stab>no</stab><stats>no<mean>no</mean><file>no</file><period>15</period></stats><excel>yes</excel><controls>yes</controls><comm>no</comm></options><datafile>"/User/DataRO_053014_jh05_c47c"</datafile><button><action>"Normal Log"<code>" LogOneObsManual "</code></action></button><autoprog>"/User/Configs/AutoProgs/AutoLog2"<active>no</active></autoprog></log></open>
<open><a2d><avgtime>4.0 secs</avgtime><userchans><ch20>"Off"</ch20><ch21>"Off"</ch21><ch22>"Off"</ch22><ch23>"Off"</ch23></userchans></a2d></open>
<open><matching><type>0</type><disp>'a'</disp><settings><CO2Limit>10.0</CO2Limit><H2OLimit>1.0</H2OLimit><MaxAutoTime>60</MaxAutoTime></settings></matching></open>
<li6400><factory><unit>"PSC-3143"</unit><serviced>"8 Mar 2011"</serviced><fuseaware>0</fuseaware><co2mixer>yes</co2mixer><co2><coeffs>{ 0 0.213824 2.35017e-05 2.07122e-08 -3.49697e-12 3.25504e-16  }</coeffs><dvdt>-3.5</dvdt><xs>{ 0.0006 -0.0003  }</xs></co2><h2o><coeffs>{ 0 0.00583775 2.0458e-06 9.30148e-11  }</coeffs><dvdt>-0.9</dvdt><xs>{ 0.0007 -0.0017  }</xs></h2o><flow>{ 0 0.37  }</flow><press>{ 87.338 0.0055  }</press></factory></li6400>
<li6400><user><flow_zero>-35.0</flow_zero><irga_zero><co2>901.5 -815.3<at>25.8989</at></co2><h2o>4.1 -503.2<at>21.1119</at></h2o></irga_zero><irga_span><co2>{ 0.991086 0.993135  }</co2><h2o>{ 1.00408 0.997584  }</h2o></irga_span><irga_match><co2>{ -3.90869 -14.1628  }</co2><h2o>{ 0.0465232 1.53093  }</h2o></irga_match><co2_mixer><pump_mv>4500</pump_mv><ppm>{ 2434.39 1093.37 394.698 226.439 84.8806 35.4631 12.0808 8.4591  }</ppm><mv>{ 5000 3000 1500 1000 500 300 200 100  }</mv></co2_mixer><parin_offset>-1.77139</parin_offset><led_cal><unit>"SI-3101"</unit><mv>{ 10 25 50 100 1000 2000 3000 4000 5000  }</mv><qntm>{ 1.951 12.0575 30.6597 74.5522 925.175 1836.15 2700.41 3524.78 4287.11  }</qntm></led_cal><lcf_cal><unit>"LCF-1411"</unit><red><mv>{ 50 100 200 400 800 1500  }</mv><qntm>{ 67.5959 152.988 327.042 689.376 1428 2676.31  }</qntm></red><blue><mv>{ 100 500 1000 2000 3000 4000 5000  }</mv><qntm>{ 5.32999 36.7918 67.8478 118.819 164.48 203.6 238.997  }</qntm></blue></lcf_cal></user></li6400>
"15:40:34 "
$STARTOFDATA$
"Obs"	"HHMMSS"	"FTime"	"EBal?"	"Photo"	"Cond"	"Ci"	"Trmmol"	"VpdL"	"CTleaf"	"Area"	"BLC_1"	"StmRat"	"BLCond"	"Tair"	"Tleaf"	"TBlk"	"CO2R"	"CO2S"	"H2OR"	"H2OS"	"RH_R"	"RH_S"	"Flow"	"PARi"	"PARo"	"Press"	"CsMch"	"HsMch"	"StableF"	"BLCslope"	"BLCoffst"	"f_parin"	"f_parout"	"alphaK"	"Status"
"15:40:35 Launched AutoProg /User/Configs/AutoProgs/AutoLog2"
"15:40:36 Lamp: ParIn ->  2000 uml"
"15:40:36 CO2 Mixer: CO2R -> 400 uml"
"15:40:36 Coolers: Off"
"15:40:36 Flow: Fixed -> 400 umol/s"
1	"15:40:42"	16.0	1	25.8	0.261	209	9	2.94	37.42	1.18	2.48	1	4.96	38.30	37.98	38.30	400.08	391.42	38.293	40.841	48.67	51.91	399.9	1966	0	86	-14.2	1.53	1.0	-0.22	2.74	1.00	0.00	0.16	111115
2	"15:40:47"	21.5	1	26.9	0.265	204	9.15	2.95	37.46	1.18	2.48	1	4.96	38.32	38.03	38.32	400.25	391.25	38.292	40.882	48.62	51.91	399.9	1999	0	86	-14.2	1.53	1.0	-0.22	2.74	1.00	0.00	0.16	111115
3	"15:40:52"	26.5	1	26.1	0.268	211	9.22	2.94	37.44	1.18	2.48	1	4.96	38.33	38.03	38.34	400.08	391.31	38.301	40.910	48.60	51.91	399.9	1999	0	86	-14.2	1.53	1.0	-0.22	2.74	1.00	0.00	0.16	111115
4	"15:40:57"	31.5	1	25.7	0.271	215	9.3	2.93	37.43	1.18	2.48	1	4.96	38.35	38.04	38.36	400.08	391.41	38.312	40.943	48.56	51.90	399.9	1999	0	86	-14.2	1.53	1.0	-0.22	2.74	1.00	0.00	0.16	111115
5	"15:41:03"	37.0	1	26.6	0.274	211	9.38	2.93	37.43	1.18	2.48	1	4.96	38.37	38.07	38.38	400.17	391.23	38.323	40.978	48.52	51.89	399.9	1998	0	86	-14.2	1.53	1.0	-0.22	2.74	1.00	0.00	0.16	111115
6	"15:41:08"	42.0	1	26.7	0.277	212	9.45	2.92	37.41	1.18	2.48	1	4.96	38.39	38.07	38.40	400.19	391.22	38.334	41.008	48.49	51.87	399.9	2001	0	86	-14.2	1.53	1.0	-0.22	2.74	1.00	0.00	0.16	111115
7	"15:41:13"	47.0	1	26.6	0.277	213	9.48	2.92	37.42	1.18	2.48	1	4.96	38.40	38.09	38.42	400.10	391.16	38.346	41.027	48.48	51.86	400.0	2000	0	86	-14.2	1.53	1.0	-0.22	2.74	1.00	0.00	0.16	111115
8	"15:41:18"	52.5	1	26.9	0.28	213	9.55	2.92	37.43	1.18	2.48	1	4.96	38.42	38.12	38.44	400.16	391.12	38.356	41.059	48.44	51.85	399.9	2000	0	86	-14.2	1.53	1.0	-0.22	2.74	1.00	0.00	0.16	111115
9	"15:41:23"	57.5	1	27.3	0.282	212	9.63	2.92	37.42	1.18	2.48	1	4.96	38.44	38.14	38.46	400.22	391.05	38.359	41.083	48.39	51.82	399.9	2000	0	86	-14.2	1.53	1.0	-0.22	2.74	1.00	0.00	0.16	111115
10	"15:41:28"	62.5	1	26.2	0.287	221	9.68	2.89	37.35	1.18	2.48	1	4.96	38.46	38.07	38.48	400.07	391.22	38.358	41.096	48.33	51.78	400.0	2000	0	86	-14.2	1.53	1.0	-0.22	2.74	1.00	0.00	0.16	111115
11	"15:41:34"	68.0	1	26	0.291	224	9.67	2.85	37.23	1.18	2.48	1	4.96	38.48	37.94	38.50	399.94	391.16	38.356	41.093	48.28	51.72	399.9	2000	0	86	-14.2	1.53	1.0	-0.22	2.74	1.00	0.00	0.16	111115
12	"15:41:39"	73.0	1	26.6	0.288	219	9.63	2.86	37.27	1.18	2.48	1	4.96	38.49	37.96	38.52	400.02	391.05	38.358	41.081	48.26	51.68	400.0	2000	0	86	-14.2	1.53	1.0	-0.22	2.74	1.00	0.00	0.16	111115
13	"15:41:44"	78.0	1	27.8	0.289	212	9.62	2.86	37.24	1.18	2.48	1	4.96	38.51	37.93	38.54	400.17	390.85	38.356	41.078	48.20	51.62	400.0	2001	0	86	-14.2	1.53	0.7	-0.22	2.74	1.00	0.00	0.16	111115
14	"15:41:49"	83.5	1	27.1	0.283	212	9.61	2.91	37.41	1.18	2.48	1	4.96	38.52	38.11	38.56	400.02	390.90	38.369	41.089	48.19	51.61	399.9	2000	0	86	-14.2	1.53	0.7	-0.22	2.74	1.00	0.00	0.16	111115
15	"15:41:54"	88.5	1	27.9	0.283	208	9.68	2.93	37.46	1.18	2.48	1	4.96	38.54	38.19	38.58	400.22	390.88	38.385	41.124	48.16	51.60	399.9	2000	0	86	-14.2	1.53	1.0	-0.22	2.74	1.00	0.00	0.16	111115
16	"15:41:59"	93.5	1	27.1	0.285	214	9.74	2.93	37.48	1.18	2.48	1	4.96	38.56	38.23	38.59	400.06	390.94	38.400	41.157	48.13	51.58	399.9	2000	0	86	-14.2	1.53	1.0	-0.22	2.74	1.00	0.00	0.16	111115
17	"15:42:05"	99.0	1	27.2	0.288	215	9.82	2.92	37.46	1.18	2.48	1	4.96	38.57	38.23	38.61	400.04	390.88	38.414	41.192	48.12	51.60	400.0	2000	0	86	-14.2	1.53	1.0	-0.22	2.74	1.00	0.00	0.16	111115
18	"15:42:10"	104.0	1	26.9	0.29	218	9.88	2.92	37.45	1.18	2.48	1	4.96	38.59	38.24	38.63	400.01	390.94	38.425	41.220	48.08	51.58	399.9	2001	0	86	-14.2	1.53	1.0	-0.22	2.74	1.00	0.00	0.16	111115
19	"15:42:15"	109.0	1	26.8	0.291	219	9.92	2.92	37.47	1.18	2.48	1	4.96	38.61	38.28	38.64	399.95	390.90	38.430	41.237	48.03	51.54	400.0	2001	0	86	-14.2	1.53	1.0	-0.22	2.74	1.00	0.00	0.16	111115
20	"15:42:20"	114.5	1	27	0.294	219	9.98	2.92	37.46	1.18	2.48	1	4.96	38.63	38.28	38.66	399.94	390.81	38.434	41.257	47.99	51.51	399.9	2001	0	86	-14.2	1.53	1.0	-0.22	2.74	1.00	0.00	0.16	111115
21	"15:42:25"	119.5	1	27.1	0.295	219	10	2.92	37.47	1.18	2.48	1	4.96	38.65	38.31	38.68	399.88	390.72	38.432	41.270	47.93	51.47	399.9	2001	0	86	-14.2	1.53	0.7	-0.22	2.74	1.00	0.00	0.16	111115
22	"15:42:30"	124.5	1	27.4	0.296	217	10	2.92	37.47	1.18	2.48	1	4.96	38.67	38.31	38.69	399.86	390.62	38.439	41.281	47.89	51.43	400.0	2001	0	86	-14.2	1.53	1.0	-0.22	2.74	1.00	0.00	0.16	111115
23	"15:42:36"	130.0	1	28.3	0.295	212	10.1	2.92	37.48	1.18	2.48	1	4.96	38.68	38.33	38.71	399.96	390.44	38.445	41.289	47.87	51.41	400.0	2001	0	86	-14.2	1.53	0.7	-0.22	2.74	1.00	0.00	0.16	111115
24	"15:42:41"	135.0	1	27	0.295	220	10.1	2.92	37.49	1.18	2.48	1	4.96	38.70	38.33	38.72	399.76	390.65	38.453	41.297	47.83	51.37	400.0	2000	0	86	-14.2	1.53	0.7	-0.22	2.74	1.00	0.00	0.16	111115
25	"15:42:46"	140.0	1	26.8	0.296	221	10.1	2.92	37.49	1.18	2.48	1	4.96	38.71	38.34	38.74	399.71	390.65	38.456	41.307	47.81	51.35	400.0	2000	0	86	-14.2	1.53	1.0	-0.22	2.74	1.00	0.00	0.16	111115
26	"15:42:51"	145.5	1	27.4	0.296	217	10.1	2.93	37.51	1.18	2.48	1	4.96	38.73	38.36	38.75	399.76	390.50	38.462	41.315	47.76	51.31	399.9	2000	0	86	-14.2	1.53	1.0	-0.22	2.74	1.00	0.00	0.16	111115
27	"15:42:56"	150.5	1	27.8	0.296	215	10.1	2.93	37.50	1.18	2.48	1	4.96	38.74	38.36	38.77	399.79	390.43	38.467	41.325	47.74	51.29	399.9	1999	0	86	-14.2	1.53	0.7	-0.22	2.74	1.00	0.00	0.16	111115
28	"15:43:01"	155.5	1	28.1	0.298	214	10.1	2.92	37.50	1.18	2.48	1	4.96	38.75	38.37	38.78	399.82	390.36	38.467	41.335	47.72	51.28	399.9	1999	0	86	-14.2	1.53	1.0	-0.22	2.74	1.00	0.00	0.16	111115
29	"15:43:07"	161.0	1	27.8	0.297	215	10.1	2.93	37.52	1.18	2.48	1	4.96	38.77	38.39	38.79	399.80	390.42	38.480	41.346	47.68	51.23	399.9	1999	0	86	-14.2	1.53	1.0	-0.22	2.74	1.00	0.00	0.16	111115
30	"15:43:12"	166.0	1	28.1	0.298	214	10.2	2.93	37.53	1.18	2.48	1	4.96	38.78	38.41	38.81	399.88	390.42	38.479	41.355	47.66	51.22	399.9	1999	0	86	-14.2	1.53	1.0	-0.22	2.74	1.00	0.00	0.16	111115
31	"15:43:17"	171.0	1	27.6	0.297	217	10.2	2.94	37.56	1.18	2.48	1	4.96	38.80	38.45	38.83	399.78	390.46	38.488	41.369	47.62	51.18	399.9	2000	0	86	-14.2	1.53	1.0	-0.22	2.74	1.00	0.00	0.16	111115
32	"15:43:22"	176.5	1	26.8	0.297	221	10.2	2.95	37.57	1.18	2.48	1	4.96	38.82	38.46	38.85	399.65	390.56	38.495	41.379	47.57	51.14	399.9	2000	0	86	-14.2	1.53	1.0	-0.22	2.74	1.00	0.00	0.16	111115
33	"15:43:27"	181.5	1	27.5	0.303	221	10.2	2.9	37.43	1.18	2.48	1	4.96	38.84	38.31	38.87	399.75	390.47	38.498	41.386	47.53	51.09	399.9	2000	0	86	-14.2	1.53	1.0	-0.22	2.74	1.00	0.00	0.16	111115
34	"15:43:32"	186.5	1	27.4	0.295	217	10.2	2.96	37.62	1.18	2.48	1	4.96	38.86	38.51	38.89	399.69	390.44	38.509	41.391	47.49	51.04	399.9	1999	0	86	-14.2	1.53	1.0	-0.22	2.74	1.00	0.00	0.16	111115
35	"15:43:37"	191.5	1	28	0.298	215	10.3	2.96	37.61	1.18	2.48	1	4.96	38.87	38.52	38.91	399.83	390.39	38.511	41.411	47.47	51.04	400.0	1999	0	86	-14.2	1.53	1.0	-0.22	2.74	1.00	0.00	0.16	111115
36	"15:43:43"	197.0	1	27.4	0.299	219	10.3	2.95	37.60	1.18	2.48	1	4.96	38.89	38.52	38.93	399.77	390.50	38.516	41.425	47.42	51.00	399.9	1999	0	86	-14.2	1.53	1.0	-0.22	2.74	1.00	0.00	0.16	111115
37	"15:43:48"	202.0	1	28.7	0.3	212	10.3	2.96	37.62	1.18	2.48	1	4.96	38.91	38.55	38.94	400.03	390.36	38.520	41.442	47.37	50.97	400.0	1999	0	86	-14.2	1.53	1.0	-0.22	2.74	1.00	0.00	0.16	111115
38	"15:43:53"	207.5	1	27.5	0.3	219	10.3	2.96	37.63	1.18	2.48	1	4.96	38.93	38.56	38.96	399.80	390.51	38.531	41.456	47.34	50.93	400.0	2000	0	86	-14.2	1.53	1.0	-0.22	2.74	1.00	0.00	0.16	111115
39	"15:43:58"	212.5	1	28	0.302	216	10.4	2.96	37.62	1.18	2.48	1	4.96	38.94	38.57	38.97	399.78	390.32	38.535	41.471	47.32	50.92	399.9	2000	0	86	-14.2	1.53	1.0	-0.22	2.74	1.00	0.00	0.16	111115
40	"15:44:03"	217.5	1	27.9	0.303	218	10.4	2.95	37.62	1.18	2.48	1	4.96	38.96	38.58	38.98	399.75	390.33	38.536	41.482	47.27	50.88	399.9	1999	0	86	-14.2	1.53	1.0	-0.22	2.74	1.00	0.00	0.16	111115
41	"15:44:08"	223.0	1	27.3	0.302	220	10.4	2.96	37.64	1.18	2.48	1	4.96	38.97	38.59	38.99	399.57	390.32	38.550	41.491	47.26	50.86	399.9	1999	0	86	-14.2	1.53	1.0	-0.22	2.74	1.00	0.00	0.16	111115
42	"15:44:13"	228.0	1	27.9	0.301	217	10.4	2.97	37.66	1.18	2.48	1	4.96	38.98	38.62	39.00	399.62	390.20	38.556	41.499	47.24	50.85	399.9	1999	0	86	-14.2	1.53	1.0	-0.22	2.74	1.00	0.00	0.16	111115
43	"15:44:18"	233.0	1	27.3	0.301	220	10.4	2.97	37.67	1.18	2.48	1	4.96	38.99	38.62	39.01	399.60	390.36	38.570	41.512	47.23	50.83	399.9	1999	0	86	-14.2	1.53	1.0	-0.22	2.74	1.00	0.00	0.16	111115
44	"15:44:24"	238.5	1	28.4	0.301	214	10.4	2.97	37.69	1.18	2.48	1	4.96	39.00	38.65	39.03	399.84	390.25	38.581	41.528	47.22	50.83	399.9	1999	0	86	-14.2	1.53	1.0	-0.22	2.74	1.00	0.00	0.16	111115
45	"15:44:29"	243.5	1	26.9	0.301	222	10.4	2.97	37.68	1.18	2.48	1	4.96	39.01	38.64	39.03	399.52	390.39	38.594	41.540	47.21	50.81	399.9	1999	0	86	-14.2	1.53	1.0	-0.22	2.74	1.00	0.00	0.16	111115
"15:44:32 Lamp: ParIn ->  2000 uml"
"15:44:32 CO2 Mixer: CO2R -> 400 uml"
"15:44:32 Coolers: Off"
"15:44:32 Flow: Fixed -> 400 umol/s"
