"OpenRecomp 6.1"
"/User/RO_053014_rr12_c215s"
"Thr Jun  5 2014 16:07:16"
"**************"
"OPEN 6.2.5"
"Fri May 30 2014 11:06:43"
<open><version>"6.2.5"</version></open>
<open><configfile>"/User/Configs/UserPrefs/LED 2x3 Broadleaf EB.xml"</configfile></open>
<open><light><source>"6400-02 or -02B LED Source"</source><par_in>1<sensor>"SI-3815"<cal>-0.84<actinity>1.00</actinity><transm>1.00</transm></cal></sensor><transm>1</transm></par_in><par_out>1<sensor>"Q49917"<cal>6.73</cal></sensor></par_out></light></open>
<open><comps><file>"/User/Configs/Comps/StdComps_6.1"<header>""</header><extras></extras></file><energybal>yes<f_parIn>1</f_parIn><f_parOut>0</f_parOut><alphaK>0.16</alphaK></energybal><bc_total>4.597<stomatal_ratio>1</stomatal_ratio><bc_oneside>2.298<type>2</type><table>"/Sys/Lib/StdBLCTable"</table><area>2</area><slope>-0.219565</slope><offset>2.73739</offset><fan>5</fan></bc_oneside></bc_total></comps></open>
<open><prompts><onlog>off</onlog><items>"Default (none)"</items></prompts></open>
<open><constants><oxygen>21 %</oxygen><bb_vapor>1.5</bb_vapor><bb_oxy>0.9</bb_oxy></constants></open>
<open><stability><items>"Std Stability"<items[1]><id>-2</id><size>15</size><pcv><onoff>0</onoff><value>1</value></pcv><std><onoff>0</onoff><value>1</value></std><slp><onoff>1</onoff><value>1</value></slp></items[1]><items[2]><id>-5</id><size>15</size><pcv><onoff>0</onoff><value>1</value></pcv><std><onoff>0</onoff><value>1</value></std><slp><onoff>1</onoff><value>1</value></slp></items[2]><items[3]><id>-7</id><size>15</size><pcv><onoff>0</onoff><value>1</value></pcv><std><onoff>0</onoff><value>1</value></std><slp><onoff>1</onoff><value>1</value></slp></items[3]></items></stability></open>
<open><log><format>"StdLogFmt_6.0"<items>{ -35 -21 -36 -76 30 23 36 21 25 221 -33 111 -34 11 -9 -10 -8 -1 -2 -4 -5 -14 -15 -7 -12 -13 -11 -65 -66 -72 -18 -19 -77 -78 -79 -23  }<hdr>{  }</hdr></items></format><options><beep>on</beep><hdr>normal</hdr><rem>normal</rem><stab>no</stab><stats>no<mean>no</mean><file>no</file><period>15</period></stats><excel>yes</excel><controls>yes</controls><comm>no</comm></options><datafile>"/User/RO_053014_rr12_c215s"</datafile><button><action>"Normal Log"<code>" LogOneObsManual "</code></action></button><autoprog>"/User/Configs/AutoProgs/AutoLog2"<active>no</active></autoprog></log></open>
<open><a2d><avgtime>4.0 secs</avgtime><userchans><ch20>"Off"</ch20><ch21>"Off"</ch21><ch22>"Off"</ch22><ch23>"Off"</ch23></userchans></a2d></open>
<open><matching><type>0</type><disp>'a'</disp><settings><CO2Limit>10.0</CO2Limit><H2OLimit>1.0</H2OLimit><MaxAutoTime>60</MaxAutoTime></settings></matching></open>
<li6400><factory><unit>"PSC-3883"</unit><serviced>"1 Aug 2013"</serviced><fuseaware>0</fuseaware><co2mixer>yes</co2mixer><co2><coeffs>{ 0 0.215475 2.07669e-05 2.37753e-08 -4.7091e-12 4.61736e-16  }</coeffs><dvdt>-3</dvdt><xs>{ 0.0009 1e-04  }</xs></co2><h2o><coeffs>{ 0 0.00566209 2.39758e-06 -1.57101e-11  }</coeffs><dvdt>-1.8</dvdt><xs>{ -0.0021 0.0003  }</xs></h2o><flow>{ 0 0.3625  }</flow><press>{ 88.784 0.00552  }</press></factory></li6400>
<li6400><user><flow_zero>272.9</flow_zero><irga_zero><co2>155.9 312.0<at>27.0656</at></co2><h2o>77.8 155.9<at>20.5456</at></h2o></irga_zero><irga_span><co2>{ 0.990299 0.992024  }</co2><h2o>{ 0.996398 0.991366  }</h2o></irga_span><irga_match><co2>{ -0.525781 42.3176  }</co2><h2o>{ -0.0204901 1.13748  }</h2o></irga_match><co2_mixer><pump_mv>4500</pump_mv><ppm>{ 2334.38 1081.1 414.071 247.233 109.73 62.0536 42.4298 42.5346  }</ppm><mv>{ 5000 3000 1500 1000 500 300 200 100  }</mv></co2_mixer><parin_offset>0</parin_offset><led_cal><unit>"SI-3815"</unit><mv>{ 10 25 50 100 1000 2000 3000 4000 5000  }</mv><qntm>{ 5.11316 15.7138 35.4662 78.9337 952.359 1887.64 2772.82 3623.26 4236.5  }</qntm></led_cal><lcf_cal><unit>"LCF-1868"</unit><red><mv>{ 50 100 200 400 800 1500  }</mv><qntm>{ 83.3499 173.558 363.699 759.124 1568.31 2974.4  }</qntm></red><blue><mv>{ 100 500 1000 2000 3000 4000 5000  }</mv><qntm>{ 9.12114 42.0188 78.7105 139.161 193.231 240.768 280.025  }</qntm></blue></lcf_cal></user></li6400>
"11:06:45 "
$STARTOFDATA$
"Obs"	"HHMMSS"	"FTime"	"EBal?"	"Photo"	"Cond"	"Ci"	"Trmmol"	"VpdL"	"CTleaf"	"Area"	"BLC_1"	"StmRat"	"BLCond"	"Tair"	"Tleaf"	"TBlk"	"CO2R"	"CO2S"	"H2OR"	"H2OS"	"RH_R"	"RH_S"	"Flow"	"PARi"	"PARo"	"Press"	"CsMch"	"HsMch"	"StableF"	"BLCslope"	"BLCoffst"	"f_parin"	"f_parout"	"alphaK"	"Status"
"11:06:45 Launched AutoProg /User/Configs/AutoProgs/AutoLog2"
"11:06:47 Lamp: ParIn ->  2000 uml"
"11:06:47 CO2 Mixer: CO2R -> 400 uml"
"11:06:47 Coolers: Off"
"11:06:47 Flow: Fixed -> 400 umol/s"
1	"11:06:52"	15.5	1	27.7	-0.2	579	-7.56	3	36.21	1.05	2.51	1	5.02	31.67	31.62	31.64	400.24	393.74	36.703	34.786	68.42	64.85	399.9	1965	0	87.37	42.3	1.14	0.3	-0.22	2.74	1.00	0.00	0.16	111115
2	"11:06:57"	20.5	1	26	-0.182	587	-6.61	2.89	35.97	1.05	2.51	1	5.02	31.69	31.64	31.66	399.57	393.43	36.789	35.115	68.51	65.39	399.9	1997	0	87.37	42.3	1.14	0.3	-0.22	2.74	1.00	0.00	0.16	111115
3	"11:07:02"	25.5	1	26.8	-0.171	610	-6	2.82	35.80	1.05	2.51	1	5.02	31.70	31.66	31.68	399.53	393.11	36.871	35.352	68.62	65.79	399.9	1999	0	87.37	42.3	1.14	0.3	-0.22	2.74	1.00	0.00	0.16	111115
4	"11:07:07"	31.0	1	28	-0.165	630	-5.71	2.78	35.73	1.05	2.51	1	5.02	31.72	31.68	31.71	399.69	392.92	36.969	35.524	68.72	66.04	399.9	1999	0	87.37	42.3	1.14	0.3	-0.22	2.74	1.00	0.00	0.16	111115
5	"11:07:12"	36.0	1	27.7	-0.158	638	-5.4	2.74	35.65	1.05	2.51	1	5.02	31.74	31.70	31.73	399.64	392.92	37.057	35.691	68.81	66.27	399.9	1999	0	87.37	42.3	1.14	0.3	-0.22	2.74	1.00	0.00	0.16	111115
6	"11:07:17"	41.0	1	27.6	-0.156	642	-5.28	2.72	35.64	1.05	2.51	1	5.02	31.76	31.72	31.75	399.62	392.91	37.148	35.812	68.90	66.42	399.9	2000	0	87.37	42.3	1.14	0.7	-0.22	2.74	1.00	0.00	0.16	111115
7	"11:07:23"	46.5	1	27.4	-0.156	638	-5.31	2.72	35.67	1.05	2.51	1	5.02	31.77	31.74	31.76	399.51	392.87	37.241	35.897	69.03	66.54	399.9	2001	0	87.37	42.3	1.14	0.7	-0.22	2.74	1.00	0.00	0.16	111115
8	"11:07:28"	51.5	1	27.1	-0.152	643	-5.12	2.7	35.63	1.05	2.51	1	5.02	31.79	31.76	31.78	399.49	392.91	37.329	36.033	69.12	66.72	399.9	2001	0	87.37	42.3	1.14	0.7	-0.22	2.74	1.00	0.00	0.16	111115
9	"11:07:33"	56.5	1	24.1	-0.149	618	-4.98	2.68	35.60	1.05	2.51	1	5.02	31.80	31.77	31.80	399.62	393.82	37.415	36.155	69.24	66.91	399.9	2001	0	87.37	42.3	1.14	0.3	-0.22	2.74	1.00	0.00	0.16	111115
10	"11:07:38"	62.0	1	23	-0.148	611	-4.89	2.67	35.59	1.05	2.51	1	5.02	31.82	31.79	31.81	399.64	394.12	37.509	36.271	69.33	67.05	399.9	2001	0	87.37	42.3	1.14	0.3	-0.22	2.74	1.00	0.00	0.16	111115
11	"11:07:43"	67.0	1	24.3	-0.149	622	-4.95	2.67	35.63	1.05	2.51	1	5.02	31.84	31.81	31.83	399.59	393.71	37.592	36.339	69.41	67.09	399.9	2000	0	87.37	42.3	1.14	0.3	-0.22	2.74	1.00	0.00	0.16	111115
12	"11:07:48"	72.0	1	26.4	-0.149	644	-4.94	2.67	35.64	1.05	2.51	1	5.02	31.86	31.83	31.85	399.63	393.20	37.677	36.428	69.49	67.18	399.9	2000	0	87.37	42.3	1.14	0.7	-0.22	2.74	1.00	0.00	0.16	111115
13	"11:07:54"	77.5	1	27.9	-0.15	656	-4.99	2.68	35.69	1.05	2.51	1	5.02	31.88	31.86	31.88	399.65	392.84	37.770	36.508	69.58	67.25	399.9	2001	0	87.37	42.3	1.14	0.7	-0.22	2.74	1.00	0.00	0.16	111115
14	"11:07:59"	82.5	1	28.6	-0.148	666	-4.92	2.67	35.69	1.05	2.51	1	5.02	31.90	31.88	31.90	399.64	392.63	37.847	36.602	69.64	67.35	399.8	2000	0	87.37	42.3	1.14	0.7	-0.22	2.74	1.00	0.00	0.16	111115
15	"11:08:04"	87.5	1	29.4	-0.146	678	-4.82	2.65	35.67	1.05	2.51	1	5.02	31.92	31.90	31.92	399.62	392.41	37.933	36.714	69.72	67.48	399.9	2000	0	87.37	42.3	1.14	0.3	-0.22	2.74	1.00	0.00	0.16	111115
16	"11:08:09"	93.0	1	29.4	-0.147	678	-4.85	2.66	35.71	1.05	2.51	1	5.02	31.94	31.93	31.95	399.63	392.40	38.024	36.797	69.81	67.56	399.9	2000	0	87.37	42.3	1.14	0.3	-0.22	2.74	1.00	0.00	0.16	111115
17	"11:08:14"	98.0	1	29.8	-0.142	691	-4.67	2.64	35.67	1.05	2.51	1	5.02	31.97	31.95	31.98	399.70	392.35	38.108	36.928	69.84	67.68	399.8	1999	0	87.37	42.3	1.14	0.7	-0.22	2.74	1.00	0.00	0.16	111115
18	"11:08:19"	103.0	1	28.9	-0.144	678	-4.74	2.65	35.73	1.05	2.51	1	5.02	31.99	31.98	32.00	399.66	392.56	38.196	36.996	69.93	67.73	399.8	1999	0	87.37	42.3	1.14	0.7	-0.22	2.74	1.00	0.00	0.16	111115
19	"11:08:25"	108.5	1	26.9	-0.144	659	-4.73	2.65	35.75	1.05	2.51	1	5.02	32.02	32.01	32.03	399.72	393.13	38.284	37.089	69.97	67.79	399.8	1999	0	87.37	42.3	1.14	0.3	-0.22	2.74	1.00	0.00	0.16	111115
20	"11:08:30"	113.5	1	28.7	-0.145	675	-4.78	2.65	35.79	1.05	2.51	1	5.02	32.04	32.03	32.05	399.79	392.74	38.366	37.157	70.04	67.83	399.9	2000	0	87.37	42.3	1.14	0.7	-0.22	2.74	1.00	0.00	0.16	111115
21	"11:08:35"	118.5	1	29.1	-0.145	678	-4.78	2.65	35.81	1.05	2.51	1	5.02	32.06	32.05	32.08	399.62	392.48	38.448	37.240	70.11	67.91	399.8	1999	0	87.37	42.3	1.14	0.7	-0.22	2.74	1.00	0.00	0.16	111115
22	"11:08:40"	124.0	1	30.3	-0.148	683	-4.95	2.67	35.89	1.05	2.51	1	5.02	32.09	32.08	32.10	399.77	392.32	38.539	37.289	70.16	67.88	399.9	1999	0	87.37	42.3	1.14	0.7	-0.22	2.74	1.00	0.00	0.16	111115
23	"11:08:45"	129.0	1	29.8	-0.152	670	-5.12	2.7	35.96	1.05	2.51	1	5.02	32.11	32.10	32.12	399.56	392.25	38.621	37.327	70.23	67.87	399.8	1999	0	87.37	42.3	1.14	0.7	-0.22	2.74	1.00	0.00	0.16	111115
24	"11:08:50"	134.0	1	30.5	-0.154	674	-5.17	2.7	36.00	1.05	2.51	1	5.02	32.13	32.12	32.15	399.61	392.13	38.706	37.399	70.30	67.93	399.8	1999	0	87.37	42.3	1.14	0.7	-0.22	2.74	1.00	0.00	0.16	111115
25	"11:08:56"	139.5	1	30.3	-0.152	676	-5.09	2.69	36.00	1.05	2.51	1	5.02	32.15	32.15	32.17	399.56	392.13	38.794	37.508	70.38	68.05	399.8	1999	0	87.37	42.3	1.14	1.0	-0.22	2.74	1.00	0.00	0.16	111115
26	"11:09:01"	144.5	1	30.4	-0.151	678	-5.07	2.69	36.01	1.05	2.51	1	5.02	32.17	32.16	32.19	399.53	392.06	38.868	37.587	70.44	68.12	399.8	1999	0	87.37	42.3	1.14	0.7	-0.22	2.74	1.00	0.00	0.16	111115
27	"11:09:06"	149.5	1	31	-0.151	683	-5.08	2.69	36.04	1.05	2.51	1	5.02	32.19	32.19	32.21	399.64	392.03	38.955	37.672	70.51	68.19	399.9	1999	0	87.37	42.3	1.14	0.7	-0.22	2.74	1.00	0.00	0.16	111115
28	"11:09:11"	155.0	1	31.2	-0.152	685	-5.08	2.69	36.05	1.05	2.51	1	5.02	32.21	32.20	32.23	399.61	391.93	39.036	37.752	70.58	68.26	399.8	1999	0	87.37	42.3	1.14	1.0	-0.22	2.74	1.00	0.00	0.16	111115
29	"11:09:16"	160.0	1	31	-0.154	678	-5.16	2.69	36.09	1.05	2.51	1	5.02	32.22	32.21	32.24	399.57	391.97	39.112	37.808	70.68	68.32	399.8	2000	0	87.37	42.3	1.14	1.0	-0.22	2.74	1.00	0.00	0.16	111115
30	"11:09:21"	165.0	1	31.3	-0.156	677	-5.25	2.7	36.13	1.05	2.51	1	5.02	32.24	32.22	32.25	399.52	391.83	39.184	37.857	70.73	68.33	399.8	2000	0	87.37	42.3	1.14	1.0	-0.22	2.74	1.00	0.00	0.16	111115
31	"11:09:27"	170.5	1	31.5	-0.154	682	-5.18	2.7	36.12	1.05	2.51	1	5.02	32.25	32.24	32.27	399.50	391.76	39.234	37.925	70.78	68.42	399.9	2000	0	87.37	42.3	1.14	0.7	-0.22	2.74	1.00	0.00	0.16	111115
32	"11:09:32"	175.5	1	31.7	-0.151	689	-5.07	2.69	36.10	1.05	2.51	1	5.02	32.26	32.25	32.28	399.54	391.75	39.239	37.958	70.75	68.44	399.9	2000	0	87.37	42.3	1.14	1.0	-0.22	2.74	1.00	0.00	0.16	111115
33	"11:09:37"	180.5	1	31.2	-0.149	690	-4.97	2.68	36.09	1.05	2.51	1	5.02	32.28	32.27	32.30	399.51	391.83	39.260	38.005	70.71	68.45	399.9	2000	0	87.37	42.3	1.14	1.0	-0.22	2.74	1.00	0.00	0.16	111115
34	"11:09:42"	186.0	1	32.2	-0.148	703	-4.92	2.67	36.09	1.05	2.51	1	5.02	32.29	32.29	32.31	399.60	391.65	39.308	38.066	70.75	68.52	399.8	2000	0	87.37	42.3	1.14	1.0	-0.22	2.74	1.00	0.00	0.16	111115
35	"11:09:47"	191.0	1	32.1	-0.149	699	-4.97	2.68	36.12	1.05	2.51	1	5.02	32.31	32.30	32.33	399.51	391.59	39.363	38.108	70.77	68.52	399.9	1999	0	87.37	42.3	1.14	0.7	-0.22	2.74	1.00	0.00	0.16	111115
36	"11:09:52"	196.0	1	32.4	-0.15	700	-5.01	2.69	36.15	1.05	2.51	1	5.02	32.32	32.32	32.34	399.53	391.54	39.410	38.144	70.82	68.54	399.8	1999	0	87.37	42.3	1.14	1.0	-0.22	2.74	1.00	0.00	0.16	111115
37	"11:09:58"	201.5	1	32.5	-0.151	699	-5.06	2.69	36.18	1.05	2.51	1	5.02	32.34	32.34	32.36	399.48	391.46	39.471	38.194	70.85	68.55	399.9	1999	0	87.37	42.3	1.14	1.0	-0.22	2.74	1.00	0.00	0.16	111115
38	"11:10:03"	206.5	1	32.5	-0.152	696	-5.12	2.7	36.21	1.05	2.51	1	5.02	32.35	32.35	32.38	399.44	391.43	39.529	38.235	70.91	68.59	399.9	1999	0	87.37	42.3	1.14	1.0	-0.22	2.74	1.00	0.00	0.16	111115
39	"11:10:08"	211.5	1	32.9	-0.152	701	-5.09	2.69	36.21	1.05	2.51	1	5.02	32.36	32.36	32.39	399.47	391.36	39.581	38.295	70.96	68.66	399.8	1999	0	87.37	42.3	1.14	1.0	-0.22	2.74	1.00	0.00	0.16	111115
40	"11:10:13"	217.0	1	32.8	-0.15	704	-5.03	2.69	36.21	1.05	2.51	1	5.02	32.38	32.38	32.41	399.43	391.33	39.618	38.348	70.95	68.67	399.8	1999	0	87.37	42.3	1.14	1.0	-0.22	2.74	1.00	0.00	0.16	111115
41	"11:10:18"	222.0	1	32.7	-0.148	708	-4.93	2.68	36.19	1.05	2.51	1	5.02	32.39	32.39	32.42	399.37	391.30	39.619	38.374	70.91	68.68	399.9	1999	0	87.37	42.3	1.14	1.0	-0.22	2.74	1.00	0.00	0.16	111115
42	"11:10:23"	227.0	1	33	-0.145	717	-4.83	2.67	36.17	1.05	2.51	1	5.02	32.40	32.40	32.43	399.44	391.28	39.602	38.382	70.84	68.66	399.8	1999	0	87.37	42.3	1.14	1.0	-0.22	2.74	1.00	0.00	0.16	111115
43	"11:10:29"	232.5	1	32.6	-0.141	724	-4.66	2.66	36.13	1.05	2.51	1	5.02	32.41	32.41	32.44	399.35	391.27	39.581	38.405	70.76	68.66	399.9	1999	0	87.37	42.3	1.14	1.0	-0.22	2.74	1.00	0.00	0.16	111115
44	"11:10:34"	237.5	1	33.2	-0.139	734	-4.59	2.65	36.11	1.05	2.51	1	5.02	32.42	32.41	32.45	399.34	391.10	39.565	38.405	70.69	68.62	399.8	1999	0	87.37	42.3	1.14	1.0	-0.22	2.74	1.00	0.00	0.16	111115
45	"11:10:39"	242.5	1	32.8	-0.139	732	-4.58	2.65	36.12	1.05	2.51	1	5.02	32.42	32.43	32.46	399.34	391.19	39.565	38.408	70.69	68.63	399.9	1999	0	87.37	42.3	1.14	1.0	-0.22	2.74	1.00	0.00	0.16	111115
46	"11:10:44"	248.0	1	32.8	-0.141	726	-4.67	2.67	36.16	1.05	2.51	1	5.02	32.43	32.44	32.47	399.27	391.14	39.595	38.415	70.71	68.60	399.8	1999	0	87.37	42.3	1.14	1.0	-0.22	2.74	1.00	0.00	0.16	111115
47	"11:10:49"	253.0	1	33	-0.142	725	-4.72	2.67	36.19	1.05	2.51	1	5.02	32.44	32.45	32.48	399.31	391.12	39.640	38.448	70.75	68.62	399.9	1999	0	87.37	42.3	1.14	1.0	-0.22	2.74	1.00	0.00	0.16	111115
48	"11:10:54"	258.0	1	33.4	-0.137	743	-4.5	2.65	36.13	1.05	2.51	1	5.02	32.45	32.46	32.49	399.33	391.03	39.652	38.516	70.73	68.70	399.8	1999	0	87.37	42.3	1.14	1.0	-0.22	2.74	1.00	0.00	0.16	111115
49	"11:11:00"	263.5	1	33.6	-0.131	762	-4.27	2.62	36.07	1.05	2.51	1	5.02	32.47	32.47	32.51	399.41	391.03	39.642	38.564	70.63	68.71	399.8	1999	0	87.37	42.3	1.14	1.0	-0.22	2.74	1.00	0.00	0.16	111115
50	"11:11:05"	268.5	1	33.4	-0.13	762	-4.26	2.63	36.08	1.05	2.51	1	5.02	32.48	32.49	32.52	399.35	391.02	39.621	38.546	70.56	68.64	399.8	1999	0	87.37	42.3	1.14	1.0	-0.22	2.74	1.00	0.00	0.16	111115
51	"11:11:10"	273.5	1	32.8	-0.131	755	-4.28	2.64	36.10	1.05	2.51	1	5.02	32.49	32.50	32.53	399.31	391.13	39.599	38.519	70.48	68.55	399.8	1999	0	87.37	42.3	1.14	1.0	-0.22	2.74	1.00	0.00	0.16	111115
52	"11:11:15"	279.0	1	33.3	-0.13	764	-4.25	2.64	36.11	1.05	2.51	1	5.02	32.50	32.52	32.55	399.41	391.09	39.586	38.513	70.41	68.50	399.9	1999	0	87.37	42.3	1.14	1.0	-0.22	2.74	1.00	0.00	0.16	111115
"11:11:21 Lamp: ParIn ->  2000 uml"
"11:11:21 CO2 Mixer: CO2R -> 400 uml"
"11:11:21 Coolers: Off"
"11:11:21 Flow: Fixed -> 400 umol/s"
