"OpenRecomp 6.1"
"/User/RO_053014_im43_c167C"
"Thr Jun  5 2014 16:04:40"
"**************"
"OPEN 6.2.5"
"Fri May 30 2014 12:45:22"
<open><version>"6.2.5"</version></open>
<open><configfile>"/User/Configs/UserPrefs/LED 2x3 Broadleaf EB.xml"</configfile></open>
<open><light><source>"6400-02 or -02B LED Source"</source><par_in>1<sensor>"SI-3815"<cal>-0.84<actinity>1.00</actinity><transm>1.00</transm></cal></sensor><transm>1</transm></par_in><par_out>1<sensor>"Q49917"<cal>6.73</cal></sensor></par_out></light></open>
<open><comps><file>"/User/Configs/Comps/StdComps_6.1"<header>""</header><extras></extras></file><energybal>yes<f_parIn>1</f_parIn><f_parOut>0</f_parOut><alphaK>0.16</alphaK></energybal><bc_total>4.597<stomatal_ratio>1</stomatal_ratio><bc_oneside>2.298<type>2</type><table>"/Sys/Lib/StdBLCTable"</table><area>2</area><slope>-0.219565</slope><offset>2.73739</offset><fan>5</fan></bc_oneside></bc_total></comps></open>
<open><prompts><onlog>off</onlog><items>"Default (none)"</items></prompts></open>
<open><constants><oxygen>21 %</oxygen><bb_vapor>1.5</bb_vapor><bb_oxy>0.9</bb_oxy></constants></open>
<open><stability><items>"Std Stability"<items[1]><id>-2</id><size>15</size><pcv><onoff>0</onoff><value>1</value></pcv><std><onoff>0</onoff><value>1</value></std><slp><onoff>1</onoff><value>1</value></slp></items[1]><items[2]><id>-5</id><size>15</size><pcv><onoff>0</onoff><value>1</value></pcv><std><onoff>0</onoff><value>1</value></std><slp><onoff>1</onoff><value>1</value></slp></items[2]><items[3]><id>-7</id><size>15</size><pcv><onoff>0</onoff><value>1</value></pcv><std><onoff>0</onoff><value>1</value></std><slp><onoff>1</onoff><value>1</value></slp></items[3]></items></stability></open>
<open><log><format>"StdLogFmt_6.0"<items>{ -35 -21 -36 -76 30 23 36 21 25 221 -33 111 -34 11 -9 -10 -8 -1 -2 -4 -5 -14 -15 -7 -12 -13 -11 -65 -66 -72 -18 -19 -77 -78 -79 -23  }<hdr>{  }</hdr></items></format><options><beep>on</beep><hdr>normal</hdr><rem>normal</rem><stab>no</stab><stats>no<mean>no</mean><file>no</file><period>15</period></stats><excel>yes</excel><controls>yes</controls><comm>no</comm></options><datafile>"/User/RO_053014_im43_c167C"</datafile><button><action>"Normal Log"<code>" LogOneObsManual "</code></action></button><autoprog>"/User/Configs/AutoProgs/AutoLog2"<active>no</active></autoprog></log></open>
<open><a2d><avgtime>4.0 secs</avgtime><userchans><ch20>"Off"</ch20><ch21>"Off"</ch21><ch22>"Off"</ch22><ch23>"Off"</ch23></userchans></a2d></open>
<open><matching><type>0</type><disp>'a'</disp><settings><CO2Limit>10.0</CO2Limit><H2OLimit>1.0</H2OLimit><MaxAutoTime>60</MaxAutoTime></settings></matching></open>
<li6400><factory><unit>"PSC-3883"</unit><serviced>"1 Aug 2013"</serviced><fuseaware>0</fuseaware><co2mixer>yes</co2mixer><co2><coeffs>{ 0 0.215475 2.07669e-05 2.37753e-08 -4.7091e-12 4.61736e-16  }</coeffs><dvdt>-3</dvdt><xs>{ 0.0009 1e-04  }</xs></co2><h2o><coeffs>{ 0 0.00566209 2.39758e-06 -1.57101e-11  }</coeffs><dvdt>-1.8</dvdt><xs>{ -0.0021 0.0003  }</xs></h2o><flow>{ 0 0.3625  }</flow><press>{ 88.784 0.00552  }</press></factory></li6400>
<li6400><user><flow_zero>272.9</flow_zero><irga_zero><co2>155.9 312.0<at>27.0656</at></co2><h2o>77.8 155.9<at>20.5456</at></h2o></irga_zero><irga_span><co2>{ 0.990299 0.992024  }</co2><h2o>{ 0.996398 0.991366  }</h2o></irga_span><irga_match><co2>{ -0.525781 46.9386  }</co2><h2o>{ -0.0204901 1.44819  }</h2o></irga_match><co2_mixer><pump_mv>4500</pump_mv><ppm>{ 2334.38 1081.1 414.071 247.233 109.73 62.0536 42.4298 42.5346  }</ppm><mv>{ 5000 3000 1500 1000 500 300 200 100  }</mv></co2_mixer><parin_offset>0</parin_offset><led_cal><unit>"SI-3815"</unit><mv>{ 10 25 50 100 1000 2000 3000 4000 5000  }</mv><qntm>{ 5.11316 15.7138 35.4662 78.9337 952.359 1887.64 2772.82 3623.26 4236.5  }</qntm></led_cal><lcf_cal><unit>"LCF-1868"</unit><red><mv>{ 50 100 200 400 800 1500  }</mv><qntm>{ 83.3499 173.558 363.699 759.124 1568.31 2974.4  }</qntm></red><blue><mv>{ 100 500 1000 2000 3000 4000 5000  }</mv><qntm>{ 9.12114 42.0188 78.7105 139.161 193.231 240.768 280.025  }</qntm></blue></lcf_cal></user></li6400>
"12:45:24 "
$STARTOFDATA$
"Obs"	"HHMMSS"	"FTime"	"EBal?"	"Photo"	"Cond"	"Ci"	"Trmmol"	"VpdL"	"CTleaf"	"Area"	"BLC_1"	"StmRat"	"BLCond"	"Tair"	"Tleaf"	"TBlk"	"CO2R"	"CO2S"	"H2OR"	"H2OS"	"RH_R"	"RH_S"	"Flow"	"PARi"	"PARo"	"Press"	"CsMch"	"HsMch"	"StableF"	"BLCslope"	"BLCoffst"	"f_parin"	"f_parout"	"alphaK"	"Status"
"12:45:24 Launched AutoProg /User/Configs/AutoProgs/AutoLog2"
"12:45:26 Lamp: ParIn ->  2000 uml"
"12:45:26 CO2 Mixer: CO2R -> 400 uml"
"12:45:26 Coolers: Off"
"12:45:26 Flow: Fixed -> 400 umol/s"
1	"12:45:32"	22.5	1	16.4	-0.0432	959	-1.57	2.8	35.49	1.56	2.4	1	4.79	32.59	32.62	32.66	400.02	393.85	37.144	36.554	61.82	60.83	399.8	2000	0	82.16	46.9	1.45	0.7	-0.22	2.74	1.00	0.00	0.16	111115
2	"12:45:37"	27.5	1	17.1	-0.0394	1.04E+03	-1.42	2.78	35.45	1.56	2.4	1	4.79	32.59	32.63	32.67	400.07	393.61	37.165	36.631	61.86	60.97	399.9	2001	0	82.17	46.9	1.45	0.7	-0.22	2.74	1.00	0.00	0.16	111115
3	"12:45:42"	33.0	1	16.7	-0.0341	1.13E+03	-1.22	2.76	35.39	1.56	2.4	1	4.79	32.60	32.64	32.67	399.90	393.57	37.184	36.727	61.85	61.09	399.9	2001	0	82.17	46.9	1.45	0.7	-0.22	2.74	1.00	0.00	0.16	111115
4	"12:45:47"	38.0	1	16.4	-0.0305	1.21E+03	-1.08	2.73	35.35	1.56	2.4	1	4.79	32.60	32.64	32.68	399.91	393.66	37.208	36.802	61.89	61.22	399.8	2001	0	82.17	46.9	1.45	0.7	-0.22	2.74	1.00	0.00	0.16	111115
5	"12:45:52"	43.0	1	15.8	-0.0282	1.24E+03	-0.995	2.73	35.33	1.56	2.4	1	4.79	32.60	32.65	32.68	399.97	393.96	37.222	36.848	61.91	61.29	399.8	2000	0	82.16	46.9	1.45	0.7	-0.22	2.74	1.00	0.00	0.16	111115
6	"12:45:58"	48.5	1	16.4	-0.0239	1.43E+03	-0.836	2.7	35.28	1.56	2.4	1	4.79	32.61	32.65	32.68	400.09	393.82	37.254	36.940	61.93	61.41	399.9	2000	0	82.16	46.9	1.45	0.7	-0.22	2.74	1.00	0.00	0.16	111115
7	"12:46:03"	53.5	1	16.3	-0.0241	1.42E+03	-0.841	2.7	35.28	1.56	2.4	1	4.79	32.61	32.65	32.69	399.95	393.72	37.279	36.963	61.98	61.45	399.9	2000	0	82.17	46.9	1.45	0.7	-0.22	2.74	1.00	0.00	0.16	111115
8	"12:46:08"	58.5	1	16.4	-0.0218	1.54E+03	-0.756	2.69	35.25	1.56	2.4	1	4.79	32.61	32.65	32.69	399.90	393.61	37.299	37.015	62.00	61.53	399.9	2000	0	82.16	46.9	1.45	0.7	-0.22	2.74	1.00	0.00	0.16	111115
9	"12:46:13"	64.0	1	16.6	-0.0189	1.74E+03	-0.652	2.67	35.22	1.56	2.4	1	4.79	32.61	32.65	32.69	399.96	393.57	37.331	37.086	62.06	61.65	399.8	2001	0	82.16	46.9	1.45	1.0	-0.22	2.74	1.00	0.00	0.16	111115
10	"12:46:18"	69.0	1	16.6	-0.0175	1.85E+03	-0.602	2.66	35.20	1.56	2.4	1	4.79	32.61	32.65	32.69	399.96	393.56	37.356	37.130	62.10	61.72	399.9	2001	0	82.16	46.9	1.45	1.0	-0.22	2.74	1.00	0.00	0.16	111115
11	"12:46:23"	74.0	1	16.7	-0.0152	2.08E+03	-0.519	2.65	35.18	1.56	2.4	1	4.79	32.62	32.65	32.69	400.04	393.60	37.381	37.186	62.10	61.78	399.9	2001	0	82.16	46.9	1.45	1.0	-0.22	2.74	1.00	0.00	0.16	111115
12	"12:46:29"	79.5	1	16.2	-0.0136	2.22E+03	-0.463	2.64	35.16	1.56	2.4	1	4.79	32.62	32.65	32.69	400.04	393.79	37.402	37.228	62.14	61.85	399.9	2001	0	82.16	46.9	1.45	1.0	-0.22	2.74	1.00	0.00	0.16	111115
13	"12:46:34"	84.5	1	16.7	-0.0116	2.62E+03	-0.391	2.63	35.13	1.56	2.4	1	4.79	32.62	32.64	32.68	400.06	393.60	37.422	37.275	62.17	61.93	399.9	2000	0	82.16	46.9	1.45	1.0	-0.22	2.74	1.00	0.00	0.16	111115
14	"12:46:39"	89.5	1	16.4	-0.0113	2.64E+03	-0.381	2.63	35.13	1.56	2.4	1	4.79	32.62	32.65	32.68	399.97	393.62	37.443	37.300	62.21	61.97	399.8	2000	0	82.16	46.9	1.45	1.0	-0.22	2.74	1.00	0.00	0.16	111115
15	"12:46:44"	95.0	1	16.6	-0.00973	3.03E+03	-0.328	2.61	35.11	1.56	2.4	1	4.79	32.62	32.64	32.69	400.04	393.61	37.469	37.346	62.25	62.05	399.9	2000	0	82.16	46.9	1.45	1.0	-0.22	2.74	1.00	0.00	0.16	111115
16	"12:46:49"	100.0	1	16.8	-0.00996	3E+03	-0.336	2.62	35.12	1.56	2.4	1	4.79	32.63	32.65	32.69	400.10	393.60	37.490	37.364	62.25	62.04	399.9	2000	0	82.16	46.9	1.45	1.0	-0.22	2.74	1.00	0.00	0.16	111115
17	"12:46:54"	105.0	1	16.5	-0.0106	2.79E+03	-0.359	2.62	35.13	1.56	2.4	1	4.79	32.63	32.66	32.70	400.02	393.63	37.508	37.373	62.28	62.06	399.8	1999	0	82.16	46.9	1.45	1.0	-0.22	2.74	1.00	0.00	0.16	111115
18	"12:46:59"	110.5	1	15.9	-0.00957	2.96E+03	-0.322	2.61	35.12	1.56	2.4	1	4.79	32.63	32.66	32.70	399.96	393.79	37.531	37.410	62.32	62.12	399.9	1999	0	82.16	46.9	1.45	1.0	-0.22	2.74	1.00	0.00	0.16	111115
19	"12:47:04"	115.5	1	15.9	-0.00566	4.74E+03	-0.189	2.59	35.08	1.56	2.4	1	4.79	32.64	32.66	32.71	400.10	393.93	37.555	37.484	62.32	62.21	399.9	1999	0	82.16	46.9	1.45	0.7	-0.22	2.74	1.00	0.00	0.16	111115
20	"12:47:09"	120.5	1	16	-0.00368	7.14E+03	-0.122	2.59	35.07	1.56	2.4	1	4.79	32.65	32.67	32.71	399.98	393.76	37.579	37.533	62.33	62.25	399.8	1999	0	82.16	46.9	1.45	1.0	-0.22	2.74	1.00	0.00	0.16	111115
21	"12:47:15"	126.0	1	16.7	-0.004	6.88E+03	-0.133	2.59	35.08	1.56	2.4	1	4.79	32.66	32.68	32.72	400.03	393.54	37.600	37.550	62.33	62.25	399.8	2000	0	82.16	46.9	1.45	0.7	-0.22	2.74	1.00	0.00	0.16	111115
22	"12:47:20"	131.0	1	16.3	-0.00352	7.57E+03	-0.117	2.59	35.09	1.56	2.4	1	4.79	32.66	32.69	32.73	400.00	393.67	37.623	37.579	62.37	62.29	399.9	2000	0	82.16	46.9	1.45	0.7	-0.22	2.74	1.00	0.00	0.16	111115
23	"12:47:25"	136.5	1	16.9	-0.00336	8.19E+03	-0.112	2.59	35.09	1.56	2.4	1	4.79	32.67	32.70	32.73	400.01	393.45	37.647	37.605	62.37	62.30	399.9	2000	0	82.16	46.9	1.45	1.0	-0.22	2.74	1.00	0.00	0.16	111115
24	"12:47:30"	141.5	1	16.9	-0.00137	1.96E+04	-0.0453	2.58	35.07	1.56	2.4	1	4.79	32.68	32.70	32.74	400.01	393.44	37.662	37.645	62.36	62.33	399.9	2000	0	82.16	46.9	1.45	0.7	-0.22	2.74	1.00	0.00	0.16	111115
25	"12:47:35"	146.5	1	17	-0.000722	3.71E+04	-0.024	2.58	35.09	1.56	2.4	1	4.79	32.69	32.72	32.75	400.04	393.40	37.681	37.672	62.36	62.34	399.9	2000	0	82.16	46.9	1.45	1.0	-0.22	2.74	1.00	0.00	0.16	111115
26	"12:47:41"	152.0	1	16.6	0.000805	-3.18E+04	0.0266	2.57	35.08	1.56	2.4	1	4.79	32.70	32.73	32.76	399.97	393.48	37.698	37.708	62.36	62.37	399.8	2000	0	82.17	46.9	1.45	1.0	-0.22	2.74	1.00	0.00	0.16	111115
27	"12:47:46"	157.0	1	17.1	-0.00454	6.25E+03	-0.152	2.6	35.15	1.56	2.4	1	4.79	32.71	32.74	32.77	400.09	393.44	37.712	37.655	62.34	62.24	399.9	2000	0	82.16	46.9	1.45	1.0	-0.22	2.74	1.00	0.00	0.16	111115
28	"12:47:51"	162.0	1	16.9	-0.0039	7.12E+03	-0.131	2.6	35.15	1.56	2.4	1	4.79	32.72	32.75	32.78	399.99	393.42	37.734	37.685	62.34	62.26	399.9	2000	0	82.16	46.9	1.45	1.0	-0.22	2.74	1.00	0.00	0.16	111115
29	"12:47:56"	167.5	1	16.7	-0.00287	9.43E+03	-0.0959	2.6	35.15	1.56	2.4	1	4.79	32.73	32.76	32.79	399.99	393.49	37.758	37.722	62.34	62.28	399.9	2000	0	82.16	46.9	1.45	1.0	-0.22	2.74	1.00	0.00	0.16	111115
"12:48:02 Lamp: ParIn ->  2000 uml"
"12:48:02 CO2 Mixer: CO2R -> 400 uml"
"12:48:02 Coolers: Off"
"12:48:02 Flow: Fixed -> 400 umol/s"
