"OpenRecomp 6.1"
"/User/RO_053014_jh05_c32s"
"Thr Jun  5 2014 16:06:02"
"**************"
"OPEN 6.2.5"
"Fri May 30 2014 14:50:01"
<open><version>"6.2.5"</version></open>
<open><configfile>"/User/Configs/UserPrefs/LED 2x3 Broadleaf EB.xml"</configfile></open>
<open><light><source>"6400-02 or -02B LED Source"</source><par_in>1<sensor>"SI-3815"<cal>-0.84<actinity>1.00</actinity><transm>1.00</transm></cal></sensor><transm>1</transm></par_in><par_out>1<sensor>"Q49917"<cal>6.73</cal></sensor></par_out></light></open>
<open><comps><file>"/User/Configs/Comps/StdComps_6.1"<header>""</header><extras></extras></file><energybal>yes<f_parIn>1</f_parIn><f_parOut>0</f_parOut><alphaK>0.16</alphaK></energybal><bc_total>4.597<stomatal_ratio>1</stomatal_ratio><bc_oneside>2.298<type>2</type><table>"/Sys/Lib/StdBLCTable"</table><area>2</area><slope>-0.219565</slope><offset>2.73739</offset><fan>5</fan></bc_oneside></bc_total></comps></open>
<open><prompts><onlog>off</onlog><items>"Default (none)"</items></prompts></open>
<open><constants><oxygen>21 %</oxygen><bb_vapor>1.5</bb_vapor><bb_oxy>0.9</bb_oxy></constants></open>
<open><stability><items>"Std Stability"<items[1]><id>-2</id><size>15</size><pcv><onoff>0</onoff><value>1</value></pcv><std><onoff>0</onoff><value>1</value></std><slp><onoff>1</onoff><value>1</value></slp></items[1]><items[2]><id>-5</id><size>15</size><pcv><onoff>0</onoff><value>1</value></pcv><std><onoff>0</onoff><value>1</value></std><slp><onoff>1</onoff><value>1</value></slp></items[2]><items[3]><id>-7</id><size>15</size><pcv><onoff>0</onoff><value>1</value></pcv><std><onoff>0</onoff><value>1</value></std><slp><onoff>1</onoff><value>1</value></slp></items[3]></items></stability></open>
<open><log><format>"StdLogFmt_6.0"<items>{ -35 -21 -36 -76 30 23 36 21 25 221 -33 111 -34 11 -9 -10 -8 -1 -2 -4 -5 -14 -15 -7 -12 -13 -11 -65 -66 -72 -18 -19 -77 -78 -79 -23  }<hdr>{  }</hdr></items></format><options><beep>on</beep><hdr>normal</hdr><rem>normal</rem><stab>no</stab><stats>no<mean>no</mean><file>no</file><period>15</period></stats><excel>yes</excel><controls>yes</controls><comm>no</comm></options><datafile>"/User/RO_053014_jh05_c32s"</datafile><button><action>"Normal Log"<code>" LogOneObsManual "</code></action></button><autoprog>"/User/Configs/AutoProgs/AutoLog2"<active>no</active></autoprog></log></open>
<open><a2d><avgtime>4.0 secs</avgtime><userchans><ch20>"Off"</ch20><ch21>"Off"</ch21><ch22>"Off"</ch22><ch23>"Off"</ch23></userchans></a2d></open>
<open><matching><type>0</type><disp>'a'</disp><settings><CO2Limit>10.0</CO2Limit><H2OLimit>1.0</H2OLimit><MaxAutoTime>60</MaxAutoTime></settings></matching></open>
<li6400><factory><unit>"PSC-3883"</unit><serviced>"1 Aug 2013"</serviced><fuseaware>0</fuseaware><co2mixer>yes</co2mixer><co2><coeffs>{ 0 0.215475 2.07669e-05 2.37753e-08 -4.7091e-12 4.61736e-16  }</coeffs><dvdt>-3</dvdt><xs>{ 0.0009 1e-04  }</xs></co2><h2o><coeffs>{ 0 0.00566209 2.39758e-06 -1.57101e-11  }</coeffs><dvdt>-1.8</dvdt><xs>{ -0.0021 0.0003  }</xs></h2o><flow>{ 0 0.3625  }</flow><press>{ 88.784 0.00552  }</press></factory></li6400>
<li6400><user><flow_zero>272.9</flow_zero><irga_zero><co2>155.9 312.0<at>27.0656</at></co2><h2o>77.8 155.9<at>20.5456</at></h2o></irga_zero><irga_span><co2>{ 0.990299 0.992024  }</co2><h2o>{ 0.996398 0.991366  }</h2o></irga_span><irga_match><co2>{ -0.525781 45.624  }</co2><h2o>{ -0.0204901 1.35455  }</h2o></irga_match><co2_mixer><pump_mv>4500</pump_mv><ppm>{ 2334.38 1081.1 414.071 247.233 109.73 62.0536 42.4298 42.5346  }</ppm><mv>{ 5000 3000 1500 1000 500 300 200 100  }</mv></co2_mixer><parin_offset>0</parin_offset><led_cal><unit>"SI-3815"</unit><mv>{ 10 25 50 100 1000 2000 3000 4000 5000  }</mv><qntm>{ 5.11316 15.7138 35.4662 78.9337 952.359 1887.64 2772.82 3623.26 4236.5  }</qntm></led_cal><lcf_cal><unit>"LCF-1868"</unit><red><mv>{ 50 100 200 400 800 1500  }</mv><qntm>{ 83.3499 173.558 363.699 759.124 1568.31 2974.4  }</qntm></red><blue><mv>{ 100 500 1000 2000 3000 4000 5000  }</mv><qntm>{ 9.12114 42.0188 78.7105 139.161 193.231 240.768 280.025  }</qntm></blue></lcf_cal></user></li6400>
"14:50:02 "
$STARTOFDATA$
"Obs"	"HHMMSS"	"FTime"	"EBal?"	"Photo"	"Cond"	"Ci"	"Trmmol"	"VpdL"	"CTleaf"	"Area"	"BLC_1"	"StmRat"	"BLCond"	"Tair"	"Tleaf"	"TBlk"	"CO2R"	"CO2S"	"H2OR"	"H2OS"	"RH_R"	"RH_S"	"Flow"	"PARi"	"PARo"	"Press"	"CsMch"	"HsMch"	"StableF"	"BLCslope"	"BLCoffst"	"f_parin"	"f_parout"	"alphaK"	"Status"
"14:50:03 Launched AutoProg /User/Configs/AutoProgs/AutoLog2"
"14:50:05 Lamp: ParIn ->  2000 uml"
"14:50:05 CO2 Mixer: CO2R -> 400 uml"
"14:50:05 Coolers: Off"
"14:50:05 Flow: Fixed -> 400 umol/s"
1	"14:50:10"	42.0	1	9.03	0.0907	217	3.15	2.9	35.28	1.51	2.41	1	4.82	34.08	33.94	33.99	399.96	396.08	31.817	32.967	51.07	52.92	399.9	1997	0	86.15	45.6	1.35	1.0	-0.22	2.74	1.00	0.00	0.16	111115
2	"14:50:15"	47.5	1	8.88	0.0914	220	3.18	2.9	35.32	1.51	2.41	1	4.82	34.12	33.99	34.03	399.83	396.00	31.863	33.025	51.03	52.89	399.9	2001	0	86.15	45.6	1.35	1.0	-0.22	2.74	1.00	0.00	0.16	111115
3	"14:50:20"	52.5	1	9.32	0.0901	211	3.15	2.92	35.37	1.51	2.41	1	4.82	34.16	34.03	34.08	399.92	395.93	31.934	33.084	51.03	52.87	399.9	2000	0	86.15	45.6	1.35	1.0	-0.22	2.74	1.00	0.00	0.16	111115
4	"14:50:25"	57.5	1	9.76	0.0886	200	3.11	2.93	35.42	1.51	2.41	1	4.82	34.21	34.07	34.12	400.05	395.90	32.007	33.143	51.01	52.82	399.9	2000	0	86.15	45.6	1.35	1.0	-0.22	2.74	1.00	0.00	0.16	111115
5	"14:50:31"	63.0	1	9.65	0.0862	197	3.05	2.95	35.50	1.51	2.41	1	4.82	34.25	34.13	34.17	400.00	395.90	32.088	33.202	51.02	52.79	399.9	2000	0	86.15	45.6	1.35	1.0	-0.22	2.74	1.00	0.00	0.16	111115
6	"14:50:36"	68.0	1	9.63	0.0857	196	3.04	2.96	35.55	1.51	2.41	1	4.82	34.30	34.17	34.22	400.00	395.91	32.149	33.260	50.98	52.74	399.9	2000	0	86.15	45.6	1.35	1.0	-0.22	2.74	1.00	0.00	0.16	111115
7	"14:50:41"	73.0	1	9.52	0.0857	198	3.05	2.96	35.58	1.51	2.41	1	4.82	34.34	34.21	34.26	399.93	395.88	32.210	33.323	50.96	52.72	399.9	2000	0	86.15	45.6	1.35	1.0	-0.22	2.74	1.00	0.00	0.16	111115
8	"14:50:46"	78.5	1	9.56	0.0867	200	3.09	2.97	35.62	1.51	2.41	1	4.82	34.39	34.26	34.31	400.01	395.94	32.277	33.405	50.92	52.70	399.9	2000	0	86.15	45.6	1.35	1.0	-0.22	2.74	1.00	0.00	0.16	111115
9	"14:50:51"	83.5	1	9.78	0.0873	196	3.12	2.97	35.66	1.51	2.41	1	4.82	34.43	34.31	34.35	399.95	395.79	32.334	33.472	50.90	52.69	399.9	2000	0	86.15	45.6	1.35	1.0	-0.22	2.74	1.00	0.00	0.16	111115
10	"14:50:56"	88.5	1	9.71	0.0884	200	3.16	2.98	35.69	1.51	2.41	1	4.82	34.48	34.35	34.40	399.95	395.81	32.392	33.545	50.85	52.66	399.9	2000	0	86.15	45.6	1.35	1.0	-0.22	2.74	1.00	0.00	0.16	111115
11	"14:51:02"	94.0	1	9.75	0.0872	197	3.13	2.99	35.75	1.51	2.41	1	4.82	34.52	34.40	34.44	399.95	395.80	32.452	33.595	50.83	52.62	399.9	2000	0	86.15	45.6	1.35	1.0	-0.22	2.74	1.00	0.00	0.16	111115
12	"14:51:07"	99.0	1	9.99	0.0868	191	3.13	3	35.80	1.51	2.41	1	4.82	34.57	34.45	34.49	399.94	395.70	32.500	33.643	50.77	52.55	399.8	2000	0	86.15	45.6	1.35	1.0	-0.22	2.74	1.00	0.00	0.16	111115
13	"14:51:12"	104.0	1	9.75	0.0843	191	3.07	3.02	35.87	1.51	2.41	1	4.82	34.61	34.50	34.53	399.89	395.75	32.550	33.669	50.73	52.48	399.8	2000	0	86.15	45.6	1.35	1.0	-0.22	2.74	1.00	0.00	0.16	111115
14	"14:51:17"	109.5	1	9.36	0.0814	192	2.98	3.05	35.94	1.51	2.41	1	4.82	34.66	34.55	34.58	399.83	395.85	32.607	33.696	50.68	52.37	399.9	2001	0	86.15	45.6	1.35	1.0	-0.22	2.74	1.00	0.00	0.16	111115
15	"14:51:22"	114.5	1	9.31	0.0827	195	3.03	3.05	35.97	1.51	2.41	1	4.82	34.70	34.59	34.63	399.82	395.85	32.646	33.753	50.63	52.34	399.8	2001	0	86.15	45.6	1.35	1.0	-0.22	2.74	1.00	0.00	0.16	111115
16	"14:51:27"	119.5	1	9.69	0.0843	192	3.09	3.05	35.99	1.51	2.41	1	4.82	34.74	34.63	34.67	399.86	395.74	32.696	33.825	50.59	52.34	399.9	2001	0	86.15	45.6	1.35	1.0	-0.22	2.74	1.00	0.00	0.16	111115
17	"14:51:33"	125.0	1	9.95	0.0822	182	3.04	3.07	36.06	1.51	2.41	1	4.82	34.79	34.68	34.72	399.93	395.72	32.746	33.854	50.53	52.24	399.9	2001	0	86.15	45.6	1.35	0.7	-0.22	2.74	1.00	0.00	0.16	111115
18	"14:51:38"	130.0	1	9.88	0.0848	189	3.13	3.07	36.07	1.51	2.41	1	4.82	34.83	34.73	34.76	399.88	395.68	32.796	33.938	50.49	52.25	399.9	2001	0	86.15	45.6	1.35	1.0	-0.22	2.74	1.00	0.00	0.16	111115
19	"14:51:43"	135.0	1	9.93	0.0851	189	3.15	3.08	36.12	1.51	2.41	1	4.82	34.87	34.78	34.81	399.94	395.72	32.847	33.996	50.46	52.23	399.9	2000	0	86.15	45.6	1.35	1.0	-0.22	2.74	1.00	0.00	0.16	111115
20	"14:51:48"	140.5	1	10.1	0.0841	183	3.13	3.09	36.16	1.51	2.41	1	4.82	34.91	34.82	34.86	399.95	395.66	32.896	34.037	50.42	52.17	399.9	2000	0	86.15	45.6	1.35	1.0	-0.22	2.74	1.00	0.00	0.16	111115
21	"14:51:53"	145.5	1	9.79	0.0829	186	3.1	3.11	36.22	1.51	2.41	1	4.82	34.95	34.87	34.90	399.90	395.74	32.939	34.070	50.38	52.11	399.8	2000	0	86.15	45.6	1.35	1.0	-0.22	2.74	1.00	0.00	0.16	111115
22	"14:51:58"	150.5	1	10.2	0.0834	181	3.13	3.11	36.25	1.51	2.41	1	4.82	34.99	34.91	34.95	399.95	395.65	32.986	34.126	50.34	52.08	399.9	2000	0	86.15	45.6	1.35	1.0	-0.22	2.74	1.00	0.00	0.16	111115
23	"14:52:04"	156.0	1	9.86	0.0828	184	3.11	3.13	36.31	1.51	2.41	1	4.82	35.04	34.96	34.99	399.85	395.66	33.037	34.173	50.28	52.01	399.9	1999	0	86.15	45.6	1.35	1.0	-0.22	2.74	1.00	0.00	0.16	111115
24	"14:52:09"	161.0	1	9.74	0.084	190	3.17	3.13	36.34	1.51	2.41	1	4.82	35.08	35.01	35.04	399.89	395.74	33.083	34.238	50.24	51.99	399.9	1999	0	86.15	45.6	1.35	1.0	-0.22	2.74	1.00	0.00	0.16	111115
25	"14:52:14"	166.0	1	9.8	0.0846	189	3.19	3.13	36.36	1.51	2.41	1	4.82	35.12	35.04	35.07	399.86	395.68	33.122	34.286	50.18	51.95	399.8	1999	0	86.15	45.6	1.35	1.0	-0.22	2.74	1.00	0.00	0.16	111115
26	"14:52:19"	171.5	1	9.87	0.0873	194	3.29	3.14	36.38	1.51	2.41	1	4.82	35.16	35.09	35.12	399.85	395.63	33.131	34.332	50.09	51.90	399.9	2000	0	86.15	45.6	1.35	1.0	-0.22	2.74	1.00	0.00	0.16	111115
27	"14:52:24"	176.5	1	9.86	0.0901	199	3.4	3.13	36.38	1.51	2.41	1	4.82	35.20	35.13	35.16	399.88	395.65	33.141	34.379	49.99	51.86	399.9	1999	0	86.15	45.6	1.35	1.0	-0.22	2.74	1.00	0.00	0.16	111115
28	"14:52:29"	181.5	1	9.94	0.0898	197	3.4	3.15	36.42	1.51	2.41	1	4.82	35.24	35.17	35.20	399.85	395.59	33.162	34.401	49.91	51.78	399.9	2000	0	86.15	45.6	1.35	1.0	-0.22	2.74	1.00	0.00	0.16	111115
29	"14:52:35"	187.0	1	9.83	0.088	196	3.35	3.16	36.48	1.51	2.41	1	4.82	35.27	35.21	35.24	399.81	395.60	33.219	34.439	49.92	51.75	399.9	2000	0	86.15	45.6	1.35	1.0	-0.22	2.74	1.00	0.00	0.16	111115
30	"14:52:40"	192.0	1	9.54	0.087	199	3.32	3.17	36.53	1.51	2.41	1	4.82	35.31	35.25	35.28	399.75	395.65	33.269	34.480	49.88	51.70	399.9	1999	0	86.15	45.6	1.35	1.0	-0.22	2.74	1.00	0.00	0.16	111115
31	"14:52:45"	197.0	1	9.99	0.0851	187	3.27	3.19	36.59	1.51	2.41	1	4.82	35.35	35.30	35.32	399.89	395.63	33.326	34.519	49.85	51.64	400.0	1999	0	86.15	45.6	1.35	1.0	-0.22	2.74	1.00	0.00	0.16	111115
32	"14:52:50"	202.5	1	9.88	0.085	188	3.28	3.2	36.63	1.51	2.41	1	4.82	35.39	35.34	35.36	399.85	395.63	33.381	34.575	49.83	51.61	399.9	1999	0	86.15	45.6	1.35	1.0	-0.22	2.74	1.00	0.00	0.16	111115
33	"14:52:55"	207.5	1	9.79	0.0874	195	3.36	3.2	36.63	1.51	2.41	1	4.82	35.42	35.37	35.40	399.80	395.60	33.412	34.638	49.79	51.62	399.8	1999	0	86.15	45.6	1.35	1.0	-0.22	2.74	1.00	0.00	0.16	111115
34	"14:53:00"	212.5	1	9.35	0.0883	205	3.4	3.2	36.66	1.51	2.41	1	4.82	35.46	35.41	35.44	399.74	395.70	33.430	34.671	49.71	51.55	399.9	1999	0	86.15	45.6	1.35	1.0	-0.22	2.74	1.00	0.00	0.16	111115
"14:53:06 Lamp: ParIn ->  2000 uml"
"14:53:06 CO2 Mixer: CO2R -> 400 uml"
"14:53:06 Coolers: Off"
"14:53:06 Flow: Fixed -> 400 umol/s"
