"OpenRecomp 6.1"
"/User/RO_053014_0i19_c13s"
"Thr Jun  5 2014 15:59:23"
"**************"
"OPEN 6.2.5"
"Fri May 30 2014 13:28:12"
<open><version>"6.2.5"</version></open>
<open><configfile>"/User/Configs/UserPrefs/LED 2x3 Broadleaf EB.xml"</configfile></open>
<open><light><source>"6400-02 or -02B LED Source"</source><par_in>1<sensor>"SI-3815"<cal>-0.84<actinity>1.00</actinity><transm>1.00</transm></cal></sensor><transm>1</transm></par_in><par_out>1<sensor>"Q49917"<cal>6.73</cal></sensor></par_out></light></open>
<open><comps><file>"/User/Configs/Comps/StdComps_6.1"<header>""</header><extras></extras></file><energybal>yes<f_parIn>1</f_parIn><f_parOut>0</f_parOut><alphaK>0.16</alphaK></energybal><bc_total>4.597<stomatal_ratio>1</stomatal_ratio><bc_oneside>2.298<type>2</type><table>"/Sys/Lib/StdBLCTable"</table><area>2</area><slope>-0.219565</slope><offset>2.73739</offset><fan>5</fan></bc_oneside></bc_total></comps></open>
<open><prompts><onlog>off</onlog><items>"Default (none)"</items></prompts></open>
<open><constants><oxygen>21 %</oxygen><bb_vapor>1.5</bb_vapor><bb_oxy>0.9</bb_oxy></constants></open>
<open><stability><items>"Std Stability"<items[1]><id>-2</id><size>15</size><pcv><onoff>0</onoff><value>1</value></pcv><std><onoff>0</onoff><value>1</value></std><slp><onoff>1</onoff><value>1</value></slp></items[1]><items[2]><id>-5</id><size>15</size><pcv><onoff>0</onoff><value>1</value></pcv><std><onoff>0</onoff><value>1</value></std><slp><onoff>1</onoff><value>1</value></slp></items[2]><items[3]><id>-7</id><size>15</size><pcv><onoff>0</onoff><value>1</value></pcv><std><onoff>0</onoff><value>1</value></std><slp><onoff>1</onoff><value>1</value></slp></items[3]></items></stability></open>
<open><log><format>"StdLogFmt_6.0"<items>{ -35 -21 -36 -76 30 23 36 21 25 221 -33 111 -34 11 -9 -10 -8 -1 -2 -4 -5 -14 -15 -7 -12 -13 -11 -65 -66 -72 -18 -19 -77 -78 -79 -23  }<hdr>{  }</hdr></items></format><options><beep>on</beep><hdr>normal</hdr><rem>normal</rem><stab>no</stab><stats>no<mean>no</mean><file>no</file><period>15</period></stats><excel>yes</excel><controls>yes</controls><comm>no</comm></options><datafile>"/User/RO_053014_0i19_c13s"</datafile><button><action>"Normal Log"<code>" LogOneObsManual "</code></action></button><autoprog>"/User/Configs/AutoProgs/AutoLog2"<active>no</active></autoprog></log></open>
<open><a2d><avgtime>4.0 secs</avgtime><userchans><ch20>"Off"</ch20><ch21>"Off"</ch21><ch22>"Off"</ch22><ch23>"Off"</ch23></userchans></a2d></open>
<open><matching><type>0</type><disp>'a'</disp><settings><CO2Limit>10.0</CO2Limit><H2OLimit>1.0</H2OLimit><MaxAutoTime>60</MaxAutoTime></settings></matching></open>
<li6400><factory><unit>"PSC-3883"</unit><serviced>"1 Aug 2013"</serviced><fuseaware>0</fuseaware><co2mixer>yes</co2mixer><co2><coeffs>{ 0 0.215475 2.07669e-05 2.37753e-08 -4.7091e-12 4.61736e-16  }</coeffs><dvdt>-3</dvdt><xs>{ 0.0009 1e-04  }</xs></co2><h2o><coeffs>{ 0 0.00566209 2.39758e-06 -1.57101e-11  }</coeffs><dvdt>-1.8</dvdt><xs>{ -0.0021 0.0003  }</xs></h2o><flow>{ 0 0.3625  }</flow><press>{ 88.784 0.00552  }</press></factory></li6400>
<li6400><user><flow_zero>272.9</flow_zero><irga_zero><co2>155.9 312.0<at>27.0656</at></co2><h2o>77.8 155.9<at>20.5456</at></h2o></irga_zero><irga_span><co2>{ 0.990299 0.992024  }</co2><h2o>{ 0.996398 0.991366  }</h2o></irga_span><irga_match><co2>{ -0.525781 46.1535  }</co2><h2o>{ -0.0204901 1.45047  }</h2o></irga_match><co2_mixer><pump_mv>4500</pump_mv><ppm>{ 2334.38 1081.1 414.071 247.233 109.73 62.0536 42.4298 42.5346  }</ppm><mv>{ 5000 3000 1500 1000 500 300 200 100  }</mv></co2_mixer><parin_offset>0</parin_offset><led_cal><unit>"SI-3815"</unit><mv>{ 10 25 50 100 1000 2000 3000 4000 5000  }</mv><qntm>{ 5.11316 15.7138 35.4662 78.9337 952.359 1887.64 2772.82 3623.26 4236.5  }</qntm></led_cal><lcf_cal><unit>"LCF-1868"</unit><red><mv>{ 50 100 200 400 800 1500  }</mv><qntm>{ 83.3499 173.558 363.699 759.124 1568.31 2974.4  }</qntm></red><blue><mv>{ 100 500 1000 2000 3000 4000 5000  }</mv><qntm>{ 9.12114 42.0188 78.7105 139.161 193.231 240.768 280.025  }</qntm></blue></lcf_cal></user></li6400>
"13:28:14 "
$STARTOFDATA$
"Obs"	"HHMMSS"	"FTime"	"EBal?"	"Photo"	"Cond"	"Ci"	"Trmmol"	"VpdL"	"CTleaf"	"Area"	"BLC_1"	"StmRat"	"BLCond"	"Tair"	"Tleaf"	"TBlk"	"CO2R"	"CO2S"	"H2OR"	"H2OS"	"RH_R"	"RH_S"	"Flow"	"PARi"	"PARo"	"Press"	"CsMch"	"HsMch"	"StableF"	"BLCslope"	"BLCoffst"	"f_parin"	"f_parout"	"alphaK"	"Status"
"13:28:14 Launched AutoProg /User/Configs/AutoProgs/AutoLog2"
"13:28:15 Lamp: ParIn ->  2000 uml"
"13:28:16 CO2 Mixer: CO2R -> 400 uml"
"13:28:16 Coolers: Off"
"13:28:16 Flow: Fixed -> 400 umol/s"
1	"13:28:21"	34.0	1	14.3	0.118	185	3.17	2.15	33.83	1.65	2.38	1	4.75	32.40	32.50	32.31	400.83	394.42	36.680	37.939	62.12	64.25	399.9	1999	0	82.72	46.2	1.45	0.3	-0.22	2.74	1.00	0.00	0.16	111115
2	"13:28:26"	39.0	1	13.6	0.135	216	3.53	2.12	33.74	1.65	2.38	1	4.75	32.44	32.53	32.34	400.17	394.00	36.690	38.093	62.00	64.37	399.8	1999	0	82.72	46.2	1.45	0.3	-0.22	2.74	1.00	0.00	0.16	111115
3	"13:28:31"	44.0	1	14.4	0.149	222	3.83	2.09	33.68	1.65	2.38	1	4.75	32.47	32.57	32.38	400.19	393.64	36.701	38.221	61.91	64.48	399.8	1999	0	82.72	46.2	1.45	0.3	-0.22	2.74	1.00	0.00	0.16	111115
4	"13:28:36"	49.5	1	14.7	0.162	231	4.11	2.06	33.62	1.65	2.38	1	4.75	32.51	32.60	32.41	400.20	393.47	36.714	38.343	61.79	64.54	399.9	1999	0	82.72	46.2	1.45	0.3	-0.22	2.74	1.00	0.00	0.16	111115
5	"13:28:41"	54.5	1	15	0.166	232	4.2	2.05	33.62	1.65	2.38	1	4.75	32.54	32.63	32.44	400.27	393.39	36.751	38.419	61.75	64.55	399.9	1999	0	82.72	46.2	1.45	0.3	-0.22	2.74	1.00	0.00	0.16	111115
6	"13:28:46"	59.5	1	14.9	0.168	234	4.24	2.05	33.65	1.65	2.38	1	4.75	32.57	32.67	32.48	400.24	393.39	36.817	38.500	61.76	64.58	399.9	2000	0	82.72	46.2	1.45	0.7	-0.22	2.74	1.00	0.00	0.16	111115
7	"13:28:52"	65.0	1	15.5	0.17	230	4.29	2.05	33.66	1.65	2.38	1	4.75	32.61	32.70	32.51	400.36	393.25	36.878	38.581	61.72	64.57	399.8	1999	0	82.72	46.2	1.45	1.0	-0.22	2.74	1.00	0.00	0.16	111115
8	"13:28:57"	70.0	1	15.6	0.177	235	4.44	2.04	33.65	1.65	2.38	1	4.75	32.65	32.74	32.55	400.33	393.18	36.933	38.694	61.67	64.61	399.9	1998	0	82.72	46.2	1.45	0.7	-0.22	2.74	1.00	0.00	0.16	111115
9	"13:29:02"	75.0	1	15.9	0.183	237	4.56	2.03	33.65	1.65	2.38	1	4.75	32.68	32.77	32.58	400.45	393.14	36.992	38.800	61.67	64.68	399.8	1999	0	82.72	46.2	1.45	0.7	-0.22	2.74	1.00	0.00	0.16	111115
10	"13:29:07"	80.5	1	15.6	0.187	242	4.65	2.02	33.66	1.65	2.38	1	4.75	32.73	32.81	32.62	400.35	393.16	37.052	38.896	61.59	64.66	399.9	1999	0	82.72	46.2	1.45	0.7	-0.22	2.74	1.00	0.00	0.16	111115
11	"13:29:12"	85.5	1	15.9	0.19	241	4.7	2.02	33.67	1.65	2.38	1	4.75	32.76	32.84	32.65	400.39	393.05	37.109	38.974	61.59	64.68	399.8	1999	0	82.72	46.2	1.45	0.7	-0.22	2.74	1.00	0.00	0.16	111115
12	"13:29:17"	90.5	1	16.1	0.194	242	4.78	2.02	33.67	1.65	2.38	1	4.75	32.80	32.87	32.69	400.42	392.99	37.167	39.064	61.54	64.68	399.9	2000	0	82.72	46.2	1.45	1.0	-0.22	2.74	1.00	0.00	0.16	111115
13	"13:29:23"	96.0	1	16	0.196	245	4.84	2.01	33.70	1.65	2.38	1	4.75	32.84	32.91	32.72	400.32	392.94	37.235	39.153	61.52	64.69	399.9	2000	0	82.72	46.2	1.45	0.7	-0.22	2.74	1.00	0.00	0.16	111115
14	"13:29:28"	101.0	1	16.5	0.195	239	4.82	2.02	33.73	1.65	2.38	1	4.75	32.87	32.94	32.75	400.40	392.80	37.292	39.201	61.51	64.66	399.9	1999	0	82.72	46.2	1.45	0.7	-0.22	2.74	1.00	0.00	0.16	111115
15	"13:29:33"	106.0	1	16.4	0.195	241	4.84	2.02	33.76	1.65	2.38	1	4.75	32.91	32.98	32.79	400.34	392.80	37.356	39.275	61.47	64.63	399.9	1999	0	82.72	46.2	1.45	1.0	-0.22	2.74	1.00	0.00	0.16	111115
16	"13:29:38"	111.5	1	16.6	0.2	243	4.94	2.01	33.76	1.65	2.38	1	4.75	32.95	33.01	32.83	400.35	392.71	37.432	39.389	61.46	64.67	399.7	1998	0	82.72	46.2	1.45	0.7	-0.22	2.74	1.00	0.00	0.16	111115
17	"13:29:43"	116.5	1	16.8	0.205	244	5.03	2.01	33.77	1.65	2.38	1	4.75	32.99	33.04	32.86	400.32	392.59	37.484	39.476	61.41	64.67	399.9	2000	0	82.72	46.2	1.45	0.7	-0.22	2.74	1.00	0.00	0.16	111115
18	"13:29:48"	121.5	1	16.8	0.203	242	5.01	2.01	33.80	1.65	2.38	1	4.75	33.02	33.07	32.89	400.36	392.60	37.548	39.533	61.41	64.66	399.8	2000	0	82.72	46.2	1.45	0.7	-0.22	2.74	1.00	0.00	0.16	111115
19	"13:29:54"	127.0	1	16.9	0.201	240	4.97	2.02	33.85	1.65	2.38	1	4.75	33.06	33.11	32.93	400.32	392.55	37.618	39.588	61.39	64.60	399.8	1999	0	82.72	46.2	1.45	1.0	-0.22	2.74	1.00	0.00	0.16	111115
20	"13:29:59"	132.0	1	17.1	0.21	244	5.14	2.01	33.84	1.65	2.38	1	4.75	33.10	33.15	32.97	400.33	392.42	37.672	39.710	61.34	64.65	399.8	1999	0	82.72	46.2	1.45	1.0	-0.22	2.74	1.00	0.00	0.16	111115
21	"13:30:04"	137.0	1	17.4	0.208	241	5.13	2.02	33.88	1.65	2.38	1	4.75	33.14	33.19	33.01	400.46	392.47	37.732	39.764	61.30	64.60	399.9	2000	0	82.72	46.2	1.45	0.7	-0.22	2.74	1.00	0.00	0.16	111115
22	"13:30:09"	142.5	1	17.5	0.207	239	5.13	2.03	33.92	1.65	2.38	1	4.75	33.19	33.23	33.05	400.42	392.35	37.792	39.825	61.22	64.51	399.8	2001	0	82.72	46.2	1.45	1.0	-0.22	2.74	1.00	0.00	0.16	111115
23	"13:30:14"	147.5	1	17.6	0.214	243	5.26	2.01	33.91	1.65	2.38	1	4.75	33.23	33.26	33.08	400.53	392.41	37.854	39.937	61.18	64.55	399.9	2001	0	82.72	46.2	1.45	1.0	-0.22	2.74	1.00	0.00	0.16	111115
24	"13:30:19"	152.5	1	17.4	0.218	247	5.33	2.01	33.93	1.65	2.38	1	4.75	33.27	33.30	33.12	400.49	392.45	37.918	40.031	61.15	64.56	399.9	2001	0	82.72	46.2	1.45	0.7	-0.22	2.74	1.00	0.00	0.16	111115
25	"13:30:25"	158.0	1	17.8	0.223	246	5.43	2	33.94	1.65	2.38	1	4.75	33.31	33.34	33.16	400.55	392.31	37.974	40.127	61.10	64.57	399.8	2001	0	82.72	46.2	1.45	0.7	-0.22	2.74	1.00	0.00	0.16	111115
26	"13:30:30"	163.0	1	18	0.223	245	5.46	2.01	33.97	1.65	2.38	1	4.75	33.35	33.39	33.20	400.59	392.27	38.032	40.196	61.06	64.53	399.9	2000	0	82.72	46.2	1.45	0.7	-0.22	2.74	1.00	0.00	0.16	111115
27	"13:30:35"	168.0	1	17.8	0.225	247	5.5	2.01	33.99	1.65	2.38	1	4.75	33.39	33.42	33.24	400.55	392.30	38.094	40.271	61.02	64.51	399.9	1999	0	82.72	46.2	1.45	1.0	-0.22	2.74	1.00	0.00	0.16	111115
28	"13:30:40"	173.5	1	17.9	0.224	246	5.5	2.02	34.03	1.65	2.38	1	4.75	33.43	33.46	33.28	400.57	392.28	38.162	40.340	60.99	64.48	399.9	1999	0	82.72	46.2	1.45	1.0	-0.22	2.74	1.00	0.00	0.16	111115
29	"13:30:45"	178.5	1	17.8	0.218	243	5.41	2.03	34.10	1.65	2.38	1	4.75	33.47	33.50	33.32	400.42	392.18	38.219	40.361	60.95	64.37	399.9	1999	0	82.72	46.2	1.45	1.0	-0.22	2.74	1.00	0.00	0.16	111115
30	"13:30:50"	183.5	1	18	0.221	243	5.47	2.03	34.12	1.65	2.38	1	4.75	33.51	33.54	33.35	400.43	392.11	38.269	40.436	60.89	64.34	399.8	2000	0	82.72	46.2	1.45	1.0	-0.22	2.74	1.00	0.00	0.16	111115
31	"13:30:56"	189.0	1	18.4	0.223	242	5.53	2.03	34.14	1.65	2.38	1	4.75	33.55	33.58	33.39	400.59	392.09	38.326	40.516	60.85	64.32	399.9	2000	0	82.72	46.2	1.45	0.7	-0.22	2.74	1.00	0.00	0.16	111115
32	"13:31:01"	194.0	1	18.3	0.218	240	5.45	2.05	34.20	1.65	2.38	1	4.75	33.59	33.61	33.43	400.45	392.03	38.387	40.545	60.81	64.23	399.8	2000	0	82.72	46.2	1.45	1.0	-0.22	2.74	1.00	0.00	0.16	111115
33	"13:31:06"	199.0	1	18.4	0.22	240	5.5	2.05	34.22	1.65	2.38	1	4.75	33.62	33.65	33.47	400.47	391.99	38.433	40.609	60.78	64.22	399.9	2000	0	82.72	46.2	1.45	1.0	-0.22	2.74	1.00	0.00	0.16	111115
34	"13:31:11"	204.5	1	18.5	0.222	240	5.56	2.05	34.24	1.65	2.38	1	4.75	33.66	33.69	33.51	400.53	391.98	38.488	40.687	60.73	64.20	399.9	2000	0	82.72	46.2	1.45	1.0	-0.22	2.74	1.00	0.00	0.16	111115
35	"13:31:16"	209.5	1	18.8	0.227	240	5.64	2.04	34.25	1.65	2.38	1	4.75	33.70	33.72	33.54	400.61	391.92	38.544	40.778	60.68	64.20	399.8	1999	0	82.72	46.2	1.45	1.0	-0.22	2.74	1.00	0.00	0.16	111115
36	"13:31:21"	214.5	1	18.8	0.231	243	5.74	2.04	34.25	1.65	2.38	1	4.75	33.74	33.76	33.58	400.64	391.96	38.594	40.865	60.62	64.19	399.8	1999	0	82.72	46.2	1.45	0.7	-0.22	2.74	1.00	0.00	0.16	111115
37	"13:31:27"	220.0	1	18.5	0.236	248	5.84	2.04	34.27	1.65	2.38	1	4.75	33.78	33.81	33.62	400.51	391.93	38.612	40.924	60.52	64.14	399.9	1999	0	82.72	46.2	1.45	1.0	-0.22	2.74	1.00	0.00	0.16	111115
38	"13:31:32"	225.0	1	19	0.23	241	5.76	2.06	34.33	1.65	2.38	1	4.75	33.82	33.84	33.66	400.58	391.83	38.645	40.924	60.43	63.99	399.9	1999	0	82.71	46.2	1.45	1.0	-0.22	2.74	1.00	0.00	0.16	111115
39	"13:31:37"	230.0	1	19.1	0.232	241	5.81	2.06	34.35	1.65	2.38	1	4.75	33.86	33.88	33.70	400.60	391.78	38.694	40.995	60.37	63.96	399.8	2000	0	82.71	46.2	1.45	1.0	-0.22	2.74	1.00	0.00	0.16	111115
40	"13:31:42"	235.5	1	19.3	0.221	233	5.64	2.09	34.45	1.65	2.38	1	4.75	33.90	33.92	33.73	400.70	391.81	38.747	40.980	60.32	63.79	399.9	2000	0	82.71	46.2	1.45	1.0	-0.22	2.74	1.00	0.00	0.16	111115
41	"13:31:47"	240.5	1	18.6	0.219	237	5.61	2.1	34.48	1.65	2.38	1	4.75	33.93	33.94	33.76	400.29	391.72	38.793	41.011	60.29	63.74	399.9	2000	0	82.72	46.2	1.45	1.0	-0.22	2.74	1.00	0.00	0.16	111115
42	"13:31:52"	245.5	1	19.4	0.22	231	5.62	2.1	34.50	1.65	2.38	1	4.75	33.96	33.96	33.79	400.48	391.55	38.828	41.052	60.25	63.70	399.9	2000	0	82.72	46.2	1.45	0.7	-0.22	2.74	1.00	0.00	0.16	111115
43	"13:31:58"	251.0	1	19.8	0.219	228	5.62	2.1	34.52	1.65	2.38	1	4.75	33.99	33.98	33.81	400.58	391.50	38.858	41.081	60.19	63.64	399.8	2000	0	82.72	46.2	1.45	0.7	-0.22	2.74	1.00	0.00	0.16	111115
44	"13:32:03"	256.0	1	19.3	0.219	232	5.63	2.1	34.53	1.65	2.38	1	4.75	34.00	34.00	33.82	400.42	391.55	38.885	41.111	60.20	63.65	399.9	2000	0	82.72	46.2	1.45	1.0	-0.22	2.74	1.00	0.00	0.16	111115
45	"13:32:08"	261.0	1	19.7	0.219	229	5.64	2.1	34.54	1.65	2.38	1	4.75	34.02	34.01	33.84	400.45	391.41	38.915	41.145	60.18	63.63	399.9	2000	0	82.72	46.2	1.45	1.0	-0.22	2.74	1.00	0.00	0.16	111115
46	"13:32:13"	266.5	1	19.8	0.221	229	5.67	2.1	34.55	1.65	2.38	1	4.75	34.05	34.03	33.86	400.51	391.41	38.951	41.193	60.14	63.60	399.8	2000	0	82.72	46.2	1.45	1.0	-0.22	2.74	1.00	0.00	0.16	111115
47	"13:32:18"	271.5	1	19.8	0.221	229	5.68	2.1	34.56	1.65	2.38	1	4.75	34.06	34.04	33.87	400.42	391.35	38.977	41.223	60.14	63.61	399.9	2000	0	82.72	46.2	1.45	1.0	-0.22	2.74	1.00	0.00	0.16	111115
48	"13:32:23"	276.5	1	19.9	0.22	228	5.66	2.11	34.57	1.65	2.38	1	4.75	34.08	34.05	33.88	400.38	391.26	38.996	41.237	60.10	63.56	399.9	2000	0	82.72	46.2	1.45	1.0	-0.22	2.74	1.00	0.00	0.16	111115
49	"13:32:29"	282.0	1	20	0.22	227	5.66	2.11	34.59	1.65	2.38	1	4.75	34.10	34.06	33.90	400.31	391.16	39.019	41.260	60.07	63.52	399.8	2001	0	82.72	46.2	1.45	1.0	-0.22	2.74	1.00	0.00	0.16	111115
50	"13:32:34"	287.0	1	20.1	0.223	228	5.73	2.1	34.58	1.65	2.38	1	4.75	34.11	34.08	33.91	400.35	391.14	39.030	41.296	60.06	63.54	399.8	2001	0	82.72	46.2	1.45	1.0	-0.22	2.74	1.00	0.00	0.16	111115
51	"13:32:39"	292.0	1	20.1	0.228	231	5.82	2.1	34.57	1.65	2.38	1	4.75	34.13	34.10	33.93	400.37	391.14	39.032	41.335	59.99	63.53	399.9	2001	0	82.72	46.2	1.45	1.0	-0.22	2.74	1.00	0.00	0.16	111115
52	"13:32:44"	297.5	1	20	0.232	234	5.91	2.09	34.56	1.65	2.38	1	4.75	34.15	34.12	33.95	400.29	391.08	39.023	41.363	59.91	63.50	399.8	2001	0	82.72	46.2	1.45	1.0	-0.22	2.74	1.00	0.00	0.16	111115
53	"13:32:49"	302.5	1	19.8	0.24	240	6.07	2.08	34.53	1.65	2.38	1	4.75	34.17	34.14	33.97	400.19	391.01	39.001	41.404	59.81	63.50	399.4	2000	0	82.72	46.2	1.45	0.7	-0.22	2.74	1.00	0.00	0.16	111115
54	"13:32:54"	307.5	1	20.5	0.252	242	6.29	2.06	34.48	1.65	2.38	1	4.75	34.18	34.16	33.99	400.39	390.93	38.979	41.466	59.74	63.56	399.9	1999	0	82.72	46.2	1.45	0.7	-0.22	2.74	1.00	0.00	0.16	111115
55	"13:33:00"	313.0	1	20.3	0.25	242	6.28	2.07	34.51	1.65	2.38	1	4.75	34.21	34.19	34.02	400.44	391.06	38.956	41.440	59.61	63.41	399.8	1999	0	82.72	46.2	1.45	0.7	-0.22	2.74	1.00	0.00	0.16	111115
56	"13:33:05"	318.0	1	20.2	0.243	239	6.19	2.09	34.57	1.65	2.38	1	4.75	34.24	34.22	34.05	400.34	391.00	38.947	41.396	59.50	63.24	399.8	2000	0	82.72	46.2	1.45	0.7	-0.22	2.74	1.00	0.00	0.16	111115
57	"13:33:10"	323.0	1	20.2	0.244	239	6.21	2.1	34.58	1.65	2.38	1	4.75	34.26	34.24	34.08	400.25	390.91	38.939	41.395	59.42	63.17	399.9	1999	0	82.72	46.2	1.45	1.0	-0.22	2.74	1.00	0.00	0.16	111115
58	"13:33:15"	328.5	1	20.3	0.251	242	6.35	2.09	34.57	1.65	2.38	1	4.75	34.29	34.27	34.11	400.30	390.91	38.919	41.431	59.29	63.11	399.9	1999	0	82.72	46.2	1.45	1.0	-0.22	2.74	1.00	0.00	0.16	111115
59	"13:33:20"	333.5	1	20.3	0.258	246	6.5	2.08	34.55	1.65	2.38	1	4.75	34.32	34.30	34.14	400.31	390.89	38.898	41.470	59.16	63.07	399.9	1999	0	82.72	46.2	1.45	1.0	-0.22	2.74	1.00	0.00	0.16	111115
60	"13:33:25"	338.5	1	20.5	0.259	245	6.53	2.08	34.57	1.65	2.38	1	4.75	34.34	34.33	34.17	400.44	390.94	38.881	41.465	59.06	62.98	399.9	1999	0	82.71	46.2	1.45	1.0	-0.22	2.74	1.00	0.00	0.16	111115
61	"13:33:31"	344.0	1	20	0.251	244	6.42	2.11	34.63	1.65	2.38	1	4.75	34.37	34.36	34.19	400.18	390.89	38.871	41.412	58.95	62.81	399.9	1999	0	82.72	46.2	1.45	1.0	-0.22	2.74	1.00	0.00	0.16	111115
62	"13:33:36"	349.0	1	20.5	0.248	239	6.39	2.12	34.66	1.65	2.38	1	4.75	34.40	34.38	34.21	400.24	390.75	38.854	41.381	58.83	62.65	399.9	1999	0	82.72	46.2	1.45	1.0	-0.22	2.74	1.00	0.00	0.16	111115
63	"13:33:41"	354.0	1	20.7	0.247	237	6.38	2.13	34.69	1.65	2.38	1	4.75	34.41	34.40	34.24	400.25	390.68	38.845	41.369	58.78	62.60	399.9	1999	0	82.72	46.2	1.45	0.7	-0.22	2.74	1.00	0.00	0.16	111115
64	"13:33:46"	359.5	1	20.6	0.246	237	6.39	2.13	34.71	1.65	2.38	1	4.75	34.44	34.42	34.26	400.27	390.73	38.855	41.382	58.70	62.52	399.8	1999	0	82.72	46.2	1.45	1.0	-0.22	2.74	1.00	0.00	0.16	111115
65	"13:33:52"	365.0	1	20.5	0.242	236	6.33	2.15	34.75	1.65	2.38	1	4.75	34.46	34.45	34.28	400.24	390.77	38.891	41.394	58.68	62.46	399.9	1999	0	82.71	46.2	1.45	1.0	-0.22	2.74	1.00	0.00	0.16	111115
66	"13:33:57"	370.5	1	20.7	0.239	232	6.28	2.16	34.79	1.65	2.38	1	4.75	34.48	34.47	34.30	400.24	390.67	38.920	41.404	58.67	62.41	399.8	1999	0	82.72	46.2	1.45	1.0	-0.22	2.74	1.00	0.00	0.16	111115
67	"13:34:02"	375.5	1	20.9	0.238	230	6.26	2.16	34.81	1.65	2.38	1	4.75	34.50	34.48	34.32	400.24	390.61	38.945	41.422	58.64	62.37	399.9	1999	0	82.72	46.2	1.45	1.0	-0.22	2.74	1.00	0.00	0.16	111115
68	"13:34:07"	380.5	1	20.7	0.241	234	6.34	2.16	34.80	1.65	2.38	1	4.75	34.52	34.50	34.34	400.16	390.60	38.962	41.468	58.60	62.37	399.9	1999	0	82.72	46.2	1.45	1.0	-0.22	2.74	1.00	0.00	0.16	111115
69	"13:34:12"	386.0	1	21	0.252	238	6.53	2.14	34.76	1.65	2.38	1	4.75	34.54	34.52	34.36	400.26	390.55	38.986	41.568	58.56	62.44	399.9	1999	0	82.71	46.2	1.45	1.0	-0.22	2.74	1.00	0.00	0.16	111115
70	"13:34:17"	391.0	1	21.3	0.252	235	6.53	2.14	34.78	1.65	2.38	1	4.75	34.56	34.54	34.38	400.37	390.53	39.006	41.590	58.54	62.41	399.9	1999	0	82.72	46.2	1.45	1.0	-0.22	2.74	1.00	0.00	0.16	111115
71	"13:34:22"	396.0	1	20.7	0.251	239	6.55	2.14	34.79	1.65	2.38	1	4.75	34.58	34.56	34.40	400.14	390.53	38.999	41.588	58.46	62.34	399.8	1999	0	82.72	46.2	1.45	1.0	-0.22	2.74	1.00	0.00	0.16	111115
72	"13:34:28"	401.5	1	21.3	0.252	236	6.58	2.15	34.81	1.65	2.38	1	4.75	34.60	34.59	34.43	400.36	390.53	38.993	41.596	58.39	62.28	399.9	1999	0	82.72	46.2	1.45	1.0	-0.22	2.74	1.00	0.00	0.16	111115
73	"13:34:33"	406.5	1	21	0.256	240	6.66	2.15	34.81	1.65	2.38	1	4.75	34.63	34.62	34.46	400.22	390.50	39.011	41.646	58.32	62.25	399.9	1999	0	82.72	46.2	1.45	1.0	-0.22	2.74	1.00	0.00	0.16	111115
74	"13:34:38"	411.5	1	21	0.26	241	6.74	2.14	34.81	1.65	2.38	1	4.75	34.65	34.64	34.48	400.25	390.49	39.038	41.704	58.29	62.27	399.8	1999	0	82.72	46.2	1.45	1.0	-0.22	2.74	1.00	0.00	0.16	111115
75	"13:34:43"	417.0	1	21.2	0.26	240	6.76	2.14	34.83	1.65	2.38	1	4.75	34.68	34.67	34.51	400.31	390.46	39.071	41.746	58.24	62.23	399.8	1999	0	82.72	46.2	1.45	1.0	-0.22	2.74	1.00	0.00	0.16	111115
76	"13:34:48"	422.0	1	21	0.259	241	6.76	2.15	34.87	1.65	2.38	1	4.75	34.71	34.71	34.54	400.24	390.47	39.100	41.774	58.19	62.17	399.9	1999	0	82.72	46.2	1.45	1.0	-0.22	2.74	1.00	0.00	0.16	111115
77	"13:34:53"	427.0	1	21.4	0.259	239	6.77	2.16	34.89	1.65	2.38	1	4.75	34.73	34.73	34.57	400.36	390.46	39.126	41.803	58.16	62.14	399.9	1999	0	82.71	46.2	1.45	1.0	-0.22	2.74	1.00	0.00	0.16	111115
78	"13:34:59"	432.5	1	21.2	0.257	238	6.76	2.17	34.93	1.65	2.38	1	4.75	34.76	34.77	34.60	400.34	390.50	39.158	41.830	58.11	62.07	399.8	2000	0	82.71	46.2	1.45	1.0	-0.22	2.74	1.00	0.00	0.16	111115
79	"13:35:04"	437.5	1	21.4	0.252	235	6.68	2.18	34.98	1.65	2.38	1	4.75	34.79	34.79	34.63	400.30	390.41	39.188	41.831	58.06	61.97	399.8	2000	0	82.71	46.2	1.45	1.0	-0.22	2.74	1.00	0.00	0.16	111115
80	"13:35:09"	442.5	1	21.5	0.248	231	6.62	2.2	35.03	1.65	2.38	1	4.75	34.81	34.82	34.66	400.32	390.38	39.219	41.835	58.04	61.91	399.9	1999	0	82.71	46.2	1.45	1.0	-0.22	2.74	1.00	0.00	0.16	111115
81	"13:35:14"	448.0	1	21.5	0.247	231	6.62	2.2	35.05	1.65	2.38	1	4.75	34.84	34.84	34.69	400.30	390.38	39.252	41.868	57.99	61.85	399.9	1999	0	82.71	46.2	1.45	1.0	-0.22	2.74	1.00	0.00	0.16	111115
"13:35:17 Lamp: ParIn ->  2000 uml"
"13:35:17 CO2 Mixer: CO2R -> 400 uml"
"13:35:17 Coolers: Off"
"13:35:17 Flow: Fixed -> 400 umol/s"
