"OpenRecomp 6.1"
"/User/RO_053014_im43_c169s"
"Thr Jun  5 2014 16:05:26"
"**************"
"OPEN 6.2.5"
"Fri May 30 2014 12:35:48"
<open><version>"6.2.5"</version></open>
<open><configfile>"/User/Configs/UserPrefs/LED 2x3 Broadleaf EB.xml"</configfile></open>
<open><light><source>"6400-02 or -02B LED Source"</source><par_in>1<sensor>"SI-3815"<cal>-0.84<actinity>1.00</actinity><transm>1.00</transm></cal></sensor><transm>1</transm></par_in><par_out>1<sensor>"Q49917"<cal>6.73</cal></sensor></par_out></light></open>
<open><comps><file>"/User/Configs/Comps/StdComps_6.1"<header>""</header><extras></extras></file><energybal>yes<f_parIn>1</f_parIn><f_parOut>0</f_parOut><alphaK>0.16</alphaK></energybal><bc_total>4.597<stomatal_ratio>1</stomatal_ratio><bc_oneside>2.298<type>2</type><table>"/Sys/Lib/StdBLCTable"</table><area>2</area><slope>-0.219565</slope><offset>2.73739</offset><fan>5</fan></bc_oneside></bc_total></comps></open>
<open><prompts><onlog>off</onlog><items>"Default (none)"</items></prompts></open>
<open><constants><oxygen>21 %</oxygen><bb_vapor>1.5</bb_vapor><bb_oxy>0.9</bb_oxy></constants></open>
<open><stability><items>"Std Stability"<items[1]><id>-2</id><size>15</size><pcv><onoff>0</onoff><value>1</value></pcv><std><onoff>0</onoff><value>1</value></std><slp><onoff>1</onoff><value>1</value></slp></items[1]><items[2]><id>-5</id><size>15</size><pcv><onoff>0</onoff><value>1</value></pcv><std><onoff>0</onoff><value>1</value></std><slp><onoff>1</onoff><value>1</value></slp></items[2]><items[3]><id>-7</id><size>15</size><pcv><onoff>0</onoff><value>1</value></pcv><std><onoff>0</onoff><value>1</value></std><slp><onoff>1</onoff><value>1</value></slp></items[3]></items></stability></open>
<open><log><format>"StdLogFmt_6.0"<items>{ -35 -21 -36 -76 30 23 36 21 25 221 -33 111 -34 11 -9 -10 -8 -1 -2 -4 -5 -14 -15 -7 -12 -13 -11 -65 -66 -72 -18 -19 -77 -78 -79 -23  }<hdr>{  }</hdr></items></format><options><beep>on</beep><hdr>normal</hdr><rem>normal</rem><stab>no</stab><stats>no<mean>no</mean><file>no</file><period>15</period></stats><excel>yes</excel><controls>yes</controls><comm>no</comm></options><datafile>"/User/RO_053014_im43_c169s"</datafile><button><action>"Normal Log"<code>" LogOneObsManual "</code></action></button><autoprog>"/User/Configs/AutoProgs/AutoLog2"<active>no</active></autoprog></log></open>
<open><a2d><avgtime>4.0 secs</avgtime><userchans><ch20>"Off"</ch20><ch21>"Off"</ch21><ch22>"Off"</ch22><ch23>"Off"</ch23></userchans></a2d></open>
<open><matching><type>0</type><disp>'a'</disp><settings><CO2Limit>10.0</CO2Limit><H2OLimit>1.0</H2OLimit><MaxAutoTime>60</MaxAutoTime></settings></matching></open>
<li6400><factory><unit>"PSC-3883"</unit><serviced>"1 Aug 2013"</serviced><fuseaware>0</fuseaware><co2mixer>yes</co2mixer><co2><coeffs>{ 0 0.215475 2.07669e-05 2.37753e-08 -4.7091e-12 4.61736e-16  }</coeffs><dvdt>-3</dvdt><xs>{ 0.0009 1e-04  }</xs></co2><h2o><coeffs>{ 0 0.00566209 2.39758e-06 -1.57101e-11  }</coeffs><dvdt>-1.8</dvdt><xs>{ -0.0021 0.0003  }</xs></h2o><flow>{ 0 0.3625  }</flow><press>{ 88.784 0.00552  }</press></factory></li6400>
<li6400><user><flow_zero>272.9</flow_zero><irga_zero><co2>155.9 312.0<at>27.0656</at></co2><h2o>77.8 155.9<at>20.5456</at></h2o></irga_zero><irga_span><co2>{ 0.990299 0.992024  }</co2><h2o>{ 0.996398 0.991366  }</h2o></irga_span><irga_match><co2>{ -0.525781 46.9386  }</co2><h2o>{ -0.0204901 1.44819  }</h2o></irga_match><co2_mixer><pump_mv>4500</pump_mv><ppm>{ 2334.38 1081.1 414.071 247.233 109.73 62.0536 42.4298 42.5346  }</ppm><mv>{ 5000 3000 1500 1000 500 300 200 100  }</mv></co2_mixer><parin_offset>0</parin_offset><led_cal><unit>"SI-3815"</unit><mv>{ 10 25 50 100 1000 2000 3000 4000 5000  }</mv><qntm>{ 5.11316 15.7138 35.4662 78.9337 952.359 1887.64 2772.82 3623.26 4236.5  }</qntm></led_cal><lcf_cal><unit>"LCF-1868"</unit><red><mv>{ 50 100 200 400 800 1500  }</mv><qntm>{ 83.3499 173.558 363.699 759.124 1568.31 2974.4  }</qntm></red><blue><mv>{ 100 500 1000 2000 3000 4000 5000  }</mv><qntm>{ 9.12114 42.0188 78.7105 139.161 193.231 240.768 280.025  }</qntm></blue></lcf_cal></user></li6400>
"12:35:50 "
$STARTOFDATA$
"Obs"	"HHMMSS"	"FTime"	"EBal?"	"Photo"	"Cond"	"Ci"	"Trmmol"	"VpdL"	"CTleaf"	"Area"	"BLC_1"	"StmRat"	"BLCond"	"Tair"	"Tleaf"	"TBlk"	"CO2R"	"CO2S"	"H2OR"	"H2OS"	"RH_R"	"RH_S"	"Flow"	"PARi"	"PARo"	"Press"	"CsMch"	"HsMch"	"StableF"	"BLCslope"	"BLCoffst"	"f_parin"	"f_parout"	"alphaK"	"Status"
"12:35:50 Launched AutoProg /User/Configs/AutoProgs/AutoLog2"
"12:35:52 Lamp: ParIn ->  2000 uml"
"12:35:52 CO2 Mixer: CO2R -> 400 uml"
"12:35:52 Coolers: Off"
"12:35:52 Flow: Fixed -> 400 umol/s"
1	"12:35:57"	24.5	1	10.7	-0.0376	815	-1.3	2.68	34.42	1.81	2.34	1	4.68	31.59	31.57	31.56	399.64	395.02	34.510	33.941	60.78	59.78	399.9	2000	0	82.17	46.9	1.45	0.7	-0.22	2.74	1.00	0.00	0.16	111115
2	"12:36:02"	29.5	1	10.6	-0.0344	853	-1.18	2.67	34.40	1.81	2.34	1	4.68	31.60	31.59	31.58	400.24	395.64	34.525	34.007	60.77	59.86	399.9	2000	0	82.17	46.9	1.45	0.7	-0.22	2.74	1.00	0.00	0.16	111115
3	"12:36:07"	34.5	1	11.7	-0.0336	914	-1.16	2.67	34.41	1.81	2.34	1	4.68	31.62	31.61	31.60	400.31	395.21	34.537	34.030	60.73	59.83	399.9	2000	0	82.17	46.9	1.45	0.7	-0.22	2.74	1.00	0.00	0.16	111115
4	"12:36:12"	40.0	1	12.8	-0.0331	971	-1.14	2.67	34.42	1.81	2.34	1	4.68	31.63	31.63	31.62	400.29	394.71	34.550	34.051	60.71	59.84	399.9	2000	0	82.17	46.9	1.45	0.7	-0.22	2.74	1.00	0.00	0.16	111115
5	"12:36:17"	45.0	1	13	-0.031	1.02E+03	-1.07	2.67	34.41	1.81	2.34	1	4.68	31.65	31.64	31.64	400.27	394.59	34.556	34.090	60.66	59.84	399.9	2000	0	82.17	46.9	1.45	0.7	-0.22	2.74	1.00	0.00	0.16	111115
6	"12:36:22"	50.0	1	13.2	-0.0308	1.04E+03	-1.06	2.67	34.43	1.81	2.34	1	4.68	31.66	31.66	31.66	400.34	394.54	34.572	34.108	60.65	59.84	399.8	2000	0	82.17	46.9	1.45	0.7	-0.22	2.74	1.00	0.00	0.16	111115
7	"12:36:28"	55.5	1	12.6	-0.0298	1.03E+03	-1.03	2.67	34.44	1.81	2.34	1	4.68	31.68	31.68	31.68	400.18	394.66	34.586	34.137	60.60	59.82	399.8	2000	0	82.17	46.9	1.45	1.0	-0.22	2.74	1.00	0.00	0.16	111115
8	"12:36:33"	60.5	1	13	-0.0285	1.08E+03	-0.981	2.67	34.44	1.81	2.34	1	4.68	31.70	31.70	31.70	400.30	394.60	34.602	34.173	60.56	59.81	399.8	1999	0	82.17	46.9	1.45	1.0	-0.22	2.74	1.00	0.00	0.16	111115
9	"12:36:38"	65.5	1	12.7	-0.0272	1.09E+03	-0.936	2.67	34.45	1.81	2.34	1	4.68	31.72	31.73	31.72	400.27	394.71	34.614	34.205	60.52	59.80	399.9	1999	0	82.17	46.9	1.45	1.0	-0.22	2.74	1.00	0.00	0.16	111115
10	"12:36:43"	71.0	1	12.7	-0.0251	1.16E+03	-0.86	2.66	34.45	1.81	2.34	1	4.68	31.74	31.75	31.74	400.32	394.74	34.632	34.256	60.48	59.82	399.9	1999	0	82.17	46.9	1.45	1.0	-0.22	2.74	1.00	0.00	0.16	111115
11	"12:36:48"	76.0	1	12.4	-0.026	1.11E+03	-0.897	2.67	34.48	1.81	2.34	1	4.68	31.75	31.77	31.76	400.35	394.89	34.651	34.259	60.48	59.79	399.9	1998	0	82.17	46.9	1.45	1.0	-0.22	2.74	1.00	0.00	0.16	111115
12	"12:36:53"	81.0	1	12.3	-0.0271	1.08E+03	-0.938	2.69	34.52	1.81	2.34	1	4.68	31.78	31.80	31.79	400.27	394.87	34.662	34.252	60.39	59.68	399.9	2000	0	82.17	46.9	1.45	1.0	-0.22	2.74	1.00	0.00	0.16	111115
13	"12:36:59"	86.5	1	12.6	-0.0263	1.11E+03	-0.913	2.69	34.54	1.81	2.34	1	4.68	31.80	31.82	31.81	400.41	394.88	34.679	34.280	60.36	59.66	399.9	2000	0	82.17	46.9	1.45	1.0	-0.22	2.74	1.00	0.00	0.16	111115
14	"12:37:04"	91.5	1	12.2	-0.0251	1.13E+03	-0.869	2.69	34.55	1.81	2.34	1	4.68	31.81	31.85	31.84	400.32	394.97	34.695	34.315	60.35	59.69	399.9	2000	0	82.17	46.9	1.45	1.0	-0.22	2.74	1.00	0.00	0.16	111115
15	"12:37:09"	96.5	1	12.3	-0.0247	1.15E+03	-0.856	2.69	34.57	1.81	2.34	1	4.68	31.84	31.87	31.86	400.34	394.93	34.710	34.336	60.27	59.62	400.0	2000	0	82.17	46.9	1.45	1.0	-0.22	2.74	1.00	0.00	0.16	111115
16	"12:37:14"	102.0	1	11.6	-0.024	1.12E+03	-0.833	2.7	34.59	1.81	2.34	1	4.68	31.86	31.90	31.88	400.26	395.16	34.728	34.364	60.24	59.60	399.9	2000	0	82.17	46.9	1.45	1.0	-0.22	2.74	1.00	0.00	0.16	111115
17	"12:37:19"	107.0	1	11.3	-0.0237	1.11E+03	-0.826	2.7	34.60	1.81	2.34	1	4.68	31.88	31.92	31.91	400.45	395.48	34.741	34.380	60.19	59.56	400.0	2000	0	82.17	46.9	1.45	0.7	-0.22	2.74	1.00	0.00	0.16	111115
18	"12:37:24"	112.0	1	10.8	-0.0242	1.06E+03	-0.844	2.71	34.63	1.81	2.34	1	4.68	31.90	31.94	31.92	400.38	395.66	34.764	34.395	60.16	59.52	399.8	2000	0	82.17	46.9	1.45	0.7	-0.22	2.74	1.00	0.00	0.16	111115
19	"12:37:30"	117.5	1	11.5	-0.0216	1.2E+03	-0.753	2.7	34.62	1.81	2.34	1	4.68	31.92	31.96	31.94	400.36	395.27	34.776	34.447	60.11	59.55	399.9	2000	0	82.17	46.9	1.45	1.0	-0.22	2.74	1.00	0.00	0.16	111115
20	"12:37:35"	122.5	1	12	-0.0226	1.19E+03	-0.789	2.71	34.65	1.81	2.34	1	4.68	31.93	31.98	31.96	400.41	395.14	34.797	34.452	60.12	59.52	399.9	2000	0	82.17	46.9	1.45	0.7	-0.22	2.74	1.00	0.00	0.16	111115
21	"12:37:40"	127.5	1	12	-0.0236	1.17E+03	-0.826	2.72	34.68	1.81	2.34	1	4.68	31.95	32.00	31.98	400.48	395.18	34.819	34.458	60.08	59.46	399.9	2000	0	82.16	46.9	1.45	0.7	-0.22	2.74	1.00	0.00	0.16	111115
22	"12:37:45"	133.0	1	11.8	-0.025	1.11E+03	-0.881	2.74	34.74	1.81	2.34	1	4.68	31.97	32.04	32.01	400.45	395.27	34.835	34.450	60.04	59.38	399.8	2000	0	82.16	46.9	1.45	1.0	-0.22	2.74	1.00	0.00	0.16	111115
23	"12:37:50"	138.0	1	12.2	-0.0244	1.15E+03	-0.86	2.74	34.75	1.81	2.34	1	4.68	31.99	32.06	32.03	400.59	395.20	34.860	34.484	60.01	59.37	399.9	2001	0	82.16	46.9	1.45	1.0	-0.22	2.74	1.00	0.00	0.16	111115
24	"12:37:55"	143.0	1	12.5	-0.0246	1.16E+03	-0.87	2.74	34.77	1.81	2.34	1	4.68	32.01	32.07	32.03	400.59	395.07	34.884	34.504	59.99	59.33	399.9	2001	0	82.16	46.9	1.45	0.7	-0.22	2.74	1.00	0.00	0.16	111115
25	"12:38:01"	148.5	1	12.3	-0.0247	1.14E+03	-0.874	2.74	34.78	1.81	2.34	1	4.68	32.02	32.08	32.05	400.42	395.02	34.900	34.518	59.98	59.32	399.8	2001	0	82.16	46.9	1.45	0.7	-0.22	2.74	1.00	0.00	0.16	111115
26	"12:38:06"	153.5	1	12.8	-0.0242	1.19E+03	-0.856	2.74	34.78	1.81	2.34	1	4.68	32.03	32.09	32.06	400.60	394.97	34.928	34.554	60.00	59.36	399.9	2002	0	82.17	46.9	1.45	1.0	-0.22	2.74	1.00	0.00	0.16	111115
27	"12:38:11"	158.5	1	12.5	-0.0209	1.3E+03	-0.735	2.73	34.76	1.81	2.34	1	4.68	32.05	32.11	32.08	400.49	394.98	34.946	34.625	59.97	59.41	399.9	1999	0	82.17	46.9	1.45	1.0	-0.22	2.74	1.00	0.00	0.16	111115
28	"12:38:16"	164.0	1	12.6	-0.0215	1.29E+03	-0.755	2.73	34.78	1.81	2.34	1	4.68	32.06	32.12	32.09	400.47	394.88	34.971	34.641	59.97	59.41	399.9	1998	0	82.17	46.9	1.45	1.0	-0.22	2.74	1.00	0.00	0.16	111115
29	"12:38:21"	169.0	1	12.6	-0.0225	1.24E+03	-0.794	2.74	34.81	1.81	2.34	1	4.68	32.08	32.14	32.11	400.46	394.89	34.987	34.640	59.93	59.34	399.8	1999	0	82.17	46.9	1.45	1.0	-0.22	2.74	1.00	0.00	0.16	111115
30	"12:38:26"	174.0	1	12.7	-0.0216	1.28E+03	-0.762	2.74	34.82	1.81	2.34	1	4.68	32.10	32.16	32.13	400.42	394.83	35.008	34.675	59.90	59.33	399.9	1999	0	82.17	46.9	1.45	1.0	-0.22	2.74	1.00	0.00	0.16	111115
31	"12:38:32"	179.5	1	12.9	-0.0215	1.3E+03	-0.762	2.75	34.85	1.81	2.34	1	4.68	32.12	32.19	32.16	400.46	394.78	35.025	34.692	59.86	59.29	399.9	1999	0	82.17	46.9	1.45	1.0	-0.22	2.74	1.00	0.00	0.16	111115
32	"12:38:37"	184.5	1	12.9	-0.0221	1.27E+03	-0.787	2.76	34.88	1.81	2.34	1	4.68	32.14	32.21	32.18	400.49	394.80	35.046	34.702	59.82	59.24	399.9	2000	0	82.16	46.9	1.45	1.0	-0.22	2.74	1.00	0.00	0.16	111115
33	"12:38:42"	189.5	1	13.2	-0.0216	1.32E+03	-0.767	2.76	34.89	1.81	2.34	1	4.68	32.17	32.23	32.20	400.58	394.74	35.068	34.733	59.77	59.20	399.9	1999	0	82.17	46.9	1.45	1.0	-0.22	2.74	1.00	0.00	0.16	111115
34	"12:38:47"	195.0	1	13	-0.0212	1.32E+03	-0.755	2.77	34.92	1.81	2.34	1	4.68	32.19	32.26	32.23	400.61	394.87	35.090	34.760	59.74	59.18	399.8	1999	0	82.17	46.9	1.45	1.0	-0.22	2.74	1.00	0.00	0.16	111115
35	"12:38:52"	200.0	1	12.7	-0.0212	1.3E+03	-0.755	2.77	34.94	1.81	2.34	1	4.68	32.22	32.28	32.25	400.48	394.87	35.118	34.788	59.68	59.12	399.9	1999	0	82.17	46.9	1.45	1.0	-0.22	2.74	1.00	0.00	0.16	111115
36	"12:38:57"	205.0	1	12.8	-0.0213	1.3E+03	-0.765	2.78	34.97	1.81	2.34	1	4.68	32.24	32.31	32.28	400.51	394.86	35.142	34.808	59.66	59.09	399.9	1999	0	82.17	46.9	1.45	1.0	-0.22	2.74	1.00	0.00	0.16	111115
"12:39:01 Lamp: ParIn ->  2000 uml"
"12:39:01 CO2 Mixer: CO2R -> 400 uml"
"12:39:01 Coolers: Off"
"12:39:01 Flow: Fixed -> 400 umol/s"
