"OpenRecomp 6.1"
"/User/RO_053014_hq01_c42c"
"Thr Jun  5 2014 16:02:10"
"**************"
"OPEN 6.2.5"
"Fri May 30 2014 15:38:04"
<open><version>"6.2.5"</version></open>
<open><configfile>"/User/Configs/UserPrefs/LED 2x3 Broadleaf EB.xml"</configfile></open>
<open><light><source>"6400-02 or -02B LED Source"</source><par_in>1<sensor>"SI-3815"<cal>-0.84<actinity>1.00</actinity><transm>1.00</transm></cal></sensor><transm>1</transm></par_in><par_out>1<sensor>"Q49917"<cal>6.73</cal></sensor></par_out></light></open>
<open><comps><file>"/User/Configs/Comps/StdComps_6.1"<header>""</header><extras></extras></file><energybal>yes<f_parIn>1</f_parIn><f_parOut>0</f_parOut><alphaK>0.16</alphaK></energybal><bc_total>4.597<stomatal_ratio>1</stomatal_ratio><bc_oneside>2.298<type>2</type><table>"/Sys/Lib/StdBLCTable"</table><area>2</area><slope>-0.219565</slope><offset>2.73739</offset><fan>5</fan></bc_oneside></bc_total></comps></open>
<open><prompts><onlog>off</onlog><items>"Default (none)"</items></prompts></open>
<open><constants><oxygen>21 %</oxygen><bb_vapor>1.5</bb_vapor><bb_oxy>0.9</bb_oxy></constants></open>
<open><stability><items>"Std Stability"<items[1]><id>-2</id><size>15</size><pcv><onoff>0</onoff><value>1</value></pcv><std><onoff>0</onoff><value>1</value></std><slp><onoff>1</onoff><value>1</value></slp></items[1]><items[2]><id>-5</id><size>15</size><pcv><onoff>0</onoff><value>1</value></pcv><std><onoff>0</onoff><value>1</value></std><slp><onoff>1</onoff><value>1</value></slp></items[2]><items[3]><id>-7</id><size>15</size><pcv><onoff>0</onoff><value>1</value></pcv><std><onoff>0</onoff><value>1</value></std><slp><onoff>1</onoff><value>1</value></slp></items[3]></items></stability></open>
<open><log><format>"StdLogFmt_6.0"<items>{ -35 -21 -36 -76 30 23 36 21 25 221 -33 111 -34 11 -9 -10 -8 -1 -2 -4 -5 -14 -15 -7 -12 -13 -11 -65 -66 -72 -18 -19 -77 -78 -79 -23  }<hdr>{  }</hdr></items></format><options><beep>on</beep><hdr>normal</hdr><rem>normal</rem><stab>no</stab><stats>no<mean>no</mean><file>no</file><period>15</period></stats><excel>yes</excel><controls>yes</controls><comm>no</comm></options><datafile>"/User/RO_053014_hq01_c42c"</datafile><button><action>"Normal Log"<code>" LogOneObsManual "</code></action></button><autoprog>"/User/Configs/AutoProgs/AutoLog2"<active>no</active></autoprog></log></open>
<open><a2d><avgtime>4.0 secs</avgtime><userchans><ch20>"Off"</ch20><ch21>"Off"</ch21><ch22>"Off"</ch22><ch23>"Off"</ch23></userchans></a2d></open>
<open><matching><type>0</type><disp>'a'</disp><settings><CO2Limit>10.0</CO2Limit><H2OLimit>1.0</H2OLimit><MaxAutoTime>60</MaxAutoTime></settings></matching></open>
<li6400><factory><unit>"PSC-3883"</unit><serviced>"1 Aug 2013"</serviced><fuseaware>0</fuseaware><co2mixer>yes</co2mixer><co2><coeffs>{ 0 0.215475 2.07669e-05 2.37753e-08 -4.7091e-12 4.61736e-16  }</coeffs><dvdt>-3</dvdt><xs>{ 0.0009 1e-04  }</xs></co2><h2o><coeffs>{ 0 0.00566209 2.39758e-06 -1.57101e-11  }</coeffs><dvdt>-1.8</dvdt><xs>{ -0.0021 0.0003  }</xs></h2o><flow>{ 0 0.3625  }</flow><press>{ 88.784 0.00552  }</press></factory></li6400>
<li6400><user><flow_zero>272.9</flow_zero><irga_zero><co2>155.9 312.0<at>27.0656</at></co2><h2o>77.8 155.9<at>20.5456</at></h2o></irga_zero><irga_span><co2>{ 0.990299 0.992024  }</co2><h2o>{ 0.996398 0.991366  }</h2o></irga_span><irga_match><co2>{ -0.525781 47.0452  }</co2><h2o>{ -0.0204901 1.39968  }</h2o></irga_match><co2_mixer><pump_mv>4500</pump_mv><ppm>{ 2334.38 1081.1 414.071 247.233 109.73 62.0536 42.4298 42.5346  }</ppm><mv>{ 5000 3000 1500 1000 500 300 200 100  }</mv></co2_mixer><parin_offset>0</parin_offset><led_cal><unit>"SI-3815"</unit><mv>{ 10 25 50 100 1000 2000 3000 4000 5000  }</mv><qntm>{ 5.11316 15.7138 35.4662 78.9337 952.359 1887.64 2772.82 3623.26 4236.5  }</qntm></led_cal><lcf_cal><unit>"LCF-1868"</unit><red><mv>{ 50 100 200 400 800 1500  }</mv><qntm>{ 83.3499 173.558 363.699 759.124 1568.31 2974.4  }</qntm></red><blue><mv>{ 100 500 1000 2000 3000 4000 5000  }</mv><qntm>{ 9.12114 42.0188 78.7105 139.161 193.231 240.768 280.025  }</qntm></blue></lcf_cal></user></li6400>
"15:38:05 "
$STARTOFDATA$
"Obs"	"HHMMSS"	"FTime"	"EBal?"	"Photo"	"Cond"	"Ci"	"Trmmol"	"VpdL"	"CTleaf"	"Area"	"BLC_1"	"StmRat"	"BLCond"	"Tair"	"Tleaf"	"TBlk"	"CO2R"	"CO2S"	"H2OR"	"H2OS"	"RH_R"	"RH_S"	"Flow"	"PARi"	"PARo"	"Press"	"CsMch"	"HsMch"	"StableF"	"BLCslope"	"BLCoffst"	"f_parin"	"f_parout"	"alphaK"	"Status"
"15:38:05 Launched AutoProg /User/Configs/AutoProgs/AutoLog2"
"15:38:07 Lamp: ParIn ->  2000 uml"
"15:38:07 CO2 Mixer: CO2R -> 400 uml"
"15:38:07 Coolers: Off"
"15:38:07 Flow: Fixed -> 400 umol/s"
1	"15:38:13"	27.0	1	39.1	0.133	-98.7	6.4	4	40.00	0.47	2.64	1	5.27	39.87	39.83	39.94	399.71	394.82	38.884	39.606	45.55	46.39	399.9	1917	0	86.24	47	1.4	0.3	-0.22	2.74	1.00	0.00	0.16	111115
2	"15:38:18"	32.0	1	42.2	0.146	-89.5	6.97	3.96	39.92	0.47	2.64	1	5.27	39.89	39.84	39.96	400.33	395.05	38.877	39.664	45.49	46.41	399.8	1996	0	86.24	47	1.4	0.7	-0.22	2.74	1.00	0.00	0.16	111115
3	"15:38:23"	37.5	1	39.5	0.163	-18.2	7.59	3.89	39.76	0.47	2.64	1	5.27	39.91	39.86	39.98	400.36	395.36	38.914	39.771	45.49	46.49	399.9	1999	0	86.24	47	1.4	0.3	-0.22	2.74	1.00	0.00	0.16	111115
4	"15:38:28"	42.5	1	38.7	0.18	26.6	8.23	3.82	39.60	0.47	2.64	1	5.27	39.93	39.88	40.00	400.39	395.46	38.947	39.876	45.48	46.56	399.8	2000	0	86.24	47	1.4	0.3	-0.22	2.74	1.00	0.00	0.16	111115
5	"15:38:33"	47.5	1	40.1	0.187	26.1	8.45	3.79	39.55	0.47	2.64	1	5.27	39.95	39.90	40.01	400.51	395.41	38.986	39.940	45.47	46.58	399.9	2000	0	86.24	47	1.4	0.3	-0.22	2.74	1.00	0.00	0.16	111115
6	"15:38:39"	53.0	1	38	0.187	44.6	8.48	3.79	39.56	0.47	2.64	1	5.27	39.97	39.92	40.04	400.28	395.42	39.028	39.985	45.47	46.59	399.8	1999	0	86.24	47	1.4	1.0	-0.22	2.74	1.00	0.00	0.16	111115
7	"15:38:44"	58.0	1	40.6	0.199	41.8	8.87	3.75	39.47	0.47	2.64	1	5.27	39.99	39.95	40.06	400.57	395.39	39.060	40.061	45.46	46.63	399.9	1998	0	86.24	47	1.4	1.0	-0.22	2.74	1.00	0.00	0.16	111115
8	"15:38:49"	63.5	1	39.4	0.194	44.6	8.76	3.78	39.54	0.47	2.64	1	5.27	40.02	39.98	40.08	400.44	395.40	39.097	40.085	45.43	46.58	399.8	2000	0	86.24	47	1.4	1.0	-0.22	2.74	1.00	0.00	0.16	111115
9	"15:38:54"	68.5	1	39.7	0.208	62.4	9.21	3.72	39.42	0.47	2.64	1	5.27	40.04	40.00	40.11	400.46	395.36	39.127	40.166	45.42	46.62	399.8	1999	0	86.24	47	1.4	1.0	-0.22	2.74	1.00	0.00	0.16	111115
10	"15:38:59"	73.5	1	39.6	0.198	47.7	8.88	3.77	39.55	0.47	2.64	1	5.27	40.07	40.03	40.13	400.48	395.41	39.161	40.163	45.38	46.55	399.9	1999	0	86.24	47	1.4	1.0	-0.22	2.74	1.00	0.00	0.16	111115
11	"15:39:04"	79.0	1	39.9	0.203	54.1	9.08	3.76	39.52	0.47	2.64	1	5.27	40.09	40.06	40.16	400.56	395.45	39.202	40.226	45.38	46.57	399.8	1998	0	86.24	47	1.4	1.0	-0.22	2.74	1.00	0.00	0.16	111115
12	"15:39:09"	84.0	1	39.1	0.228	92.5	9.88	3.66	39.31	0.47	2.64	1	5.27	40.12	40.08	40.19	400.46	395.40	39.236	40.350	45.35	46.64	399.9	1999	0	86.24	47	1.4	1.0	-0.22	2.74	1.00	0.00	0.16	111115
13	"15:39:14"	89.0	1	39.6	0.234	96.6	10.1	3.64	39.27	0.47	2.64	1	5.27	40.15	40.11	40.21	400.55	395.42	39.275	40.414	45.32	46.64	399.8	1999	0	86.24	47	1.4	0.7	-0.22	2.74	1.00	0.00	0.16	111115
14	"15:39:20"	94.5	1	39.8	0.242	105	10.4	3.62	39.22	0.47	2.64	1	5.27	40.18	40.14	40.24	400.49	395.33	39.307	40.476	45.29	46.63	399.9	1999	0	86.24	47	1.4	1.0	-0.22	2.74	1.00	0.00	0.16	111115
15	"15:39:25"	99.5	1	39.7	0.236	98	10.2	3.65	39.31	0.47	2.64	1	5.27	40.21	40.17	40.27	400.42	395.28	39.341	40.490	45.25	46.58	399.8	2000	0	86.24	47	1.4	1.0	-0.22	2.74	1.00	0.00	0.16	111115
16	"15:39:30"	104.5	1	39.6	0.226	86.8	9.88	3.69	39.42	0.47	2.64	1	5.27	40.23	40.19	40.29	400.41	395.30	39.380	40.494	45.25	46.53	399.8	2001	0	86.24	47	1.4	1.0	-0.22	2.74	1.00	0.00	0.16	111115
17	"15:39:35"	110.0	1	40.7	0.22	70.6	9.71	3.73	39.51	0.47	2.64	1	5.27	40.27	40.23	40.33	400.49	395.25	39.420	40.515	45.20	46.46	399.9	2001	0	86.24	47	1.4	1.0	-0.22	2.74	1.00	0.00	0.16	111115
18	"15:39:40"	115.0	1	40.1	0.219	75.5	9.72	3.73	39.52	0.47	2.64	1	5.27	40.29	40.25	40.35	400.44	395.28	39.451	40.547	45.19	46.44	399.9	2001	0	86.24	47	1.4	1.0	-0.22	2.74	1.00	0.00	0.16	111115
19	"15:39:45"	120.0	1	39.3	0.229	93.3	10	3.7	39.45	0.47	2.64	1	5.27	40.31	40.27	40.37	400.29	395.21	39.468	40.600	45.16	46.45	399.9	2000	0	86.24	47	1.4	1.0	-0.22	2.74	1.00	0.00	0.16	111115
20	"15:39:51"	125.5	1	40.6	0.226	79.7	9.97	3.72	39.50	0.47	2.64	1	5.27	40.33	40.30	40.40	400.34	395.10	39.480	40.604	45.12	46.40	399.8	2001	0	86.23	47	1.4	1.0	-0.22	2.74	1.00	0.00	0.16	111115
21	"15:39:56"	130.5	1	40.7	0.239	94.7	10.4	3.67	39.40	0.47	2.64	1	5.27	40.35	40.32	40.42	400.38	395.12	39.498	40.668	45.10	46.43	399.9	2000	0	86.24	47	1.4	1.0	-0.22	2.74	1.00	0.00	0.16	111115
22	"15:40:01"	135.5	1	40.4	0.237	94.3	10.3	3.68	39.44	0.47	2.64	1	5.27	40.38	40.35	40.44	400.36	395.13	39.520	40.686	45.05	46.38	399.9	1999	0	86.24	47	1.4	1.0	-0.22	2.74	1.00	0.00	0.16	111115
23	"15:40:06"	141.0	1	40.8	0.226	78.9	10	3.73	39.56	0.47	2.64	1	5.27	40.40	40.38	40.47	400.39	395.13	39.555	40.685	45.04	46.33	399.9	1999	0	86.24	47	1.4	1.0	-0.22	2.74	1.00	0.00	0.16	111115
24	"15:40:11"	146.0	1	41.1	0.239	91.2	10.4	3.69	39.46	0.47	2.64	1	5.27	40.43	40.40	40.49	400.42	395.10	39.583	40.758	45.00	46.34	399.8	1998	0	86.24	47	1.4	1.0	-0.22	2.74	1.00	0.00	0.16	111115
25	"15:40:16"	151.0	1	41	0.242	95.4	10.5	3.68	39.46	0.47	2.64	1	5.27	40.46	40.43	40.52	400.36	395.05	39.611	40.799	44.96	46.30	399.8	1999	0	86.23	47	1.4	1.0	-0.22	2.74	1.00	0.00	0.16	111115
26	"15:40:22"	156.5	1	41.6	0.243	93	10.6	3.68	39.46	0.47	2.64	1	5.27	40.48	40.45	40.55	400.39	395.01	39.649	40.843	44.95	46.30	399.8	2000	0	86.23	47	1.4	1.0	-0.22	2.74	1.00	0.00	0.16	111115
27	"15:40:27"	161.5	1	41.3	0.249	101	10.8	3.67	39.43	0.47	2.64	1	5.27	40.51	40.48	40.57	400.36	395.00	39.673	40.890	44.91	46.29	399.9	2000	0	86.24	47	1.4	1.0	-0.22	2.74	1.00	0.00	0.16	111115
28	"15:40:32"	166.5	1	42.4	0.245	89.9	10.7	3.69	39.49	0.47	2.64	1	5.27	40.53	40.51	40.60	400.48	395.00	39.707	40.912	44.90	46.27	399.9	1999	0	86.24	47	1.4	1.0	-0.22	2.74	1.00	0.00	0.16	111115
29	"15:40:37"	172.0	1	41.9	0.238	84.6	10.5	3.72	39.59	0.47	2.64	1	5.27	40.56	40.54	40.63	400.34	394.93	39.740	40.921	44.87	46.20	399.8	1999	0	86.24	47	1.4	1.0	-0.22	2.74	1.00	0.00	0.16	111115
30	"15:40:42"	177.0	1	40.6	0.244	100	10.7	3.7	39.54	0.47	2.64	1	5.27	40.58	40.56	40.66	400.27	395.00	39.751	40.956	44.83	46.19	399.8	1999	0	86.24	47	1.4	1.0	-0.22	2.74	1.00	0.00	0.16	111115
"15:40:45 Lamp: ParIn ->  2000 uml"
"15:40:45 CO2 Mixer: CO2R -> 400 uml"
"15:40:45 Coolers: Off"
"15:40:45 Flow: Fixed -> 400 umol/s"
