"OpenRecomp 6.1"
"/User/RO_053014_hq01_c49s"
"Thr Jun  5 2014 16:02:58"
"**************"
"OPEN 6.2.5"
"Fri May 30 2014 15:29:44"
<open><version>"6.2.5"</version></open>
<open><configfile>"/User/Configs/UserPrefs/LED 2x3 Broadleaf EB.xml"</configfile></open>
<open><light><source>"6400-02 or -02B LED Source"</source><par_in>1<sensor>"SI-3815"<cal>-0.84<actinity>1.00</actinity><transm>1.00</transm></cal></sensor><transm>1</transm></par_in><par_out>1<sensor>"Q49917"<cal>6.73</cal></sensor></par_out></light></open>
<open><comps><file>"/User/Configs/Comps/StdComps_6.1"<header>""</header><extras></extras></file><energybal>yes<f_parIn>1</f_parIn><f_parOut>0</f_parOut><alphaK>0.16</alphaK></energybal><bc_total>4.597<stomatal_ratio>1</stomatal_ratio><bc_oneside>2.298<type>2</type><table>"/Sys/Lib/StdBLCTable"</table><area>2</area><slope>-0.219565</slope><offset>2.73739</offset><fan>5</fan></bc_oneside></bc_total></comps></open>
<open><prompts><onlog>off</onlog><items>"Default (none)"</items></prompts></open>
<open><constants><oxygen>21 %</oxygen><bb_vapor>1.5</bb_vapor><bb_oxy>0.9</bb_oxy></constants></open>
<open><stability><items>"Std Stability"<items[1]><id>-2</id><size>15</size><pcv><onoff>0</onoff><value>1</value></pcv><std><onoff>0</onoff><value>1</value></std><slp><onoff>1</onoff><value>1</value></slp></items[1]><items[2]><id>-5</id><size>15</size><pcv><onoff>0</onoff><value>1</value></pcv><std><onoff>0</onoff><value>1</value></std><slp><onoff>1</onoff><value>1</value></slp></items[2]><items[3]><id>-7</id><size>15</size><pcv><onoff>0</onoff><value>1</value></pcv><std><onoff>0</onoff><value>1</value></std><slp><onoff>1</onoff><value>1</value></slp></items[3]></items></stability></open>
<open><log><format>"StdLogFmt_6.0"<items>{ -35 -21 -36 -76 30 23 36 21 25 221 -33 111 -34 11 -9 -10 -8 -1 -2 -4 -5 -14 -15 -7 -12 -13 -11 -65 -66 -72 -18 -19 -77 -78 -79 -23  }<hdr>{  }</hdr></items></format><options><beep>on</beep><hdr>normal</hdr><rem>normal</rem><stab>no</stab><stats>no<mean>no</mean><file>no</file><period>15</period></stats><excel>yes</excel><controls>yes</controls><comm>no</comm></options><datafile>"/User/RO_053014_hq01_c49s"</datafile><button><action>"Normal Log"<code>" LogOneObsManual "</code></action></button><autoprog>"/User/Configs/AutoProgs/AutoLog2"<active>no</active></autoprog></log></open>
<open><a2d><avgtime>4.0 secs</avgtime><userchans><ch20>"Off"</ch20><ch21>"Off"</ch21><ch22>"Off"</ch22><ch23>"Off"</ch23></userchans></a2d></open>
<open><matching><type>0</type><disp>'a'</disp><settings><CO2Limit>10.0</CO2Limit><H2OLimit>1.0</H2OLimit><MaxAutoTime>60</MaxAutoTime></settings></matching></open>
<li6400><factory><unit>"PSC-3883"</unit><serviced>"1 Aug 2013"</serviced><fuseaware>0</fuseaware><co2mixer>yes</co2mixer><co2><coeffs>{ 0 0.215475 2.07669e-05 2.37753e-08 -4.7091e-12 4.61736e-16  }</coeffs><dvdt>-3</dvdt><xs>{ 0.0009 1e-04  }</xs></co2><h2o><coeffs>{ 0 0.00566209 2.39758e-06 -1.57101e-11  }</coeffs><dvdt>-1.8</dvdt><xs>{ -0.0021 0.0003  }</xs></h2o><flow>{ 0 0.3625  }</flow><press>{ 88.784 0.00552  }</press></factory></li6400>
<li6400><user><flow_zero>272.9</flow_zero><irga_zero><co2>155.9 312.0<at>27.0656</at></co2><h2o>77.8 155.9<at>20.5456</at></h2o></irga_zero><irga_span><co2>{ 0.990299 0.992024  }</co2><h2o>{ 0.996398 0.991366  }</h2o></irga_span><irga_match><co2>{ -0.525781 47.0452  }</co2><h2o>{ -0.0204901 1.39968  }</h2o></irga_match><co2_mixer><pump_mv>4500</pump_mv><ppm>{ 2334.38 1081.1 414.071 247.233 109.73 62.0536 42.4298 42.5346  }</ppm><mv>{ 5000 3000 1500 1000 500 300 200 100  }</mv></co2_mixer><parin_offset>0</parin_offset><led_cal><unit>"SI-3815"</unit><mv>{ 10 25 50 100 1000 2000 3000 4000 5000  }</mv><qntm>{ 5.11316 15.7138 35.4662 78.9337 952.359 1887.64 2772.82 3623.26 4236.5  }</qntm></led_cal><lcf_cal><unit>"LCF-1868"</unit><red><mv>{ 50 100 200 400 800 1500  }</mv><qntm>{ 83.3499 173.558 363.699 759.124 1568.31 2974.4  }</qntm></red><blue><mv>{ 100 500 1000 2000 3000 4000 5000  }</mv><qntm>{ 9.12114 42.0188 78.7105 139.161 193.231 240.768 280.025  }</qntm></blue></lcf_cal></user></li6400>
"15:29:45 "
$STARTOFDATA$
"Obs"	"HHMMSS"	"FTime"	"EBal?"	"Photo"	"Cond"	"Ci"	"Trmmol"	"VpdL"	"CTleaf"	"Area"	"BLC_1"	"StmRat"	"BLCond"	"Tair"	"Tleaf"	"TBlk"	"CO2R"	"CO2S"	"H2OR"	"H2OS"	"RH_R"	"RH_S"	"Flow"	"PARi"	"PARo"	"Press"	"CsMch"	"HsMch"	"StableF"	"BLCslope"	"BLCoffst"	"f_parin"	"f_parout"	"alphaK"	"Status"
"15:29:45 Launched AutoProg /User/Configs/AutoProgs/AutoLog2"
"15:29:59 Lamp: ParIn ->  2000 uml"
"15:29:59 CO2 Mixer: CO2R -> 400 uml"
"15:29:59 Coolers: Off"
"15:29:59 Flow: Fixed -> 400 umol/s"
1	"15:30:04"	74.5	1	18.6	-0.18	493	-16.4	6.99	45.08	1.31	2.45	1	4.9	37.67	37.59	37.77	400.10	396.14	36.327	31.132	47.92	41.07	399.8	1990	0	86.26	47	1.4	0.0	-0.22	2.74	1.00	0.00	0.16	111115
2	"15:30:10"	80.0	1	14.9	-0.101	577	-6.8	5.33	42.08	1.31	2.45	1	4.9	37.72	37.61	37.78	399.59	395.58	36.373	34.220	47.85	45.02	399.8	2001	0	86.26	47	1.4	0.3	-0.22	2.74	1.00	0.00	0.16	111115
3	"15:30:15"	85.0	1	14.1	-0.0516	772	-3.04	4.72	40.89	1.31	2.45	1	4.9	37.73	37.61	37.79	399.52	395.31	36.406	35.444	47.87	46.60	399.8	2000	0	86.26	47	1.4	0.3	-0.22	2.74	1.00	0.00	0.16	111115
4	"15:30:20"	90.0	1	14.4	-0.0221	1.36E+03	-1.22	4.44	40.33	1.31	2.45	1	4.9	37.75	37.63	37.80	399.58	395.02	36.439	36.055	47.86	47.36	399.9	2000	0	86.26	47	1.4	0.3	-0.22	2.74	1.00	0.00	0.16	111115
5	"15:30:25"	95.5	1	13.1	-0.00467	4.68E+03	-0.247	4.28	40.02	1.31	2.45	1	4.9	37.76	37.63	37.81	399.50	395.23	36.481	36.403	47.89	47.79	399.8	1999	0	86.26	47	1.4	0.3	-0.22	2.74	1.00	0.00	0.16	111115
6	"15:30:30"	100.5	1	14.3	0.00717	-2.71E+03	0.371	4.2	39.85	1.31	2.45	1	4.9	37.77	37.66	37.82	399.70	394.96	36.514	36.631	47.91	48.06	399.9	1999	0	86.26	47	1.4	0.7	-0.22	2.74	1.00	0.00	0.16	111115
7	"15:30:35"	105.5	1	14.5	0.0168	-969	0.852	4.12	39.71	1.31	2.45	1	4.9	37.78	37.67	37.83	399.79	394.92	36.552	36.821	47.93	48.28	399.8	2001	0	86.26	47	1.4	0.7	-0.22	2.74	1.00	0.00	0.16	111115
8	"15:30:41"	111.0	1	14.8	0.0226	-648	1.13	4.08	39.64	1.31	2.45	1	4.9	37.80	37.68	37.85	399.70	394.71	36.598	36.955	47.93	48.40	399.9	2001	0	86.25	47	1.4	0.3	-0.22	2.74	1.00	0.00	0.16	111115
9	"15:30:46"	116.0	1	14.5	0.0273	-454	1.36	4.05	39.57	1.31	2.45	1	4.9	37.81	37.69	37.86	399.65	394.74	36.633	37.061	47.95	48.51	399.9	2001	0	86.25	47	1.4	0.3	-0.22	2.74	1.00	0.00	0.16	111115
10	"15:30:51"	121.0	1	14.7	0.0315	-356	1.55	4.02	39.52	1.31	2.45	1	4.9	37.83	37.70	37.87	399.89	394.88	36.668	37.158	47.95	48.59	399.8	2000	0	86.26	47	1.4	0.7	-0.22	2.74	1.00	0.00	0.16	111115
11	"15:30:56"	126.5	1	13.6	0.0347	-243	1.7	4.01	39.50	1.31	2.45	1	4.9	37.85	37.73	37.89	399.75	395.07	36.704	37.241	47.94	48.64	399.8	2000	0	86.25	47	1.4	0.3	-0.22	2.74	1.00	0.00	0.16	111115
12	"15:31:01"	131.5	1	13.1	0.035	-215	1.72	4.01	39.52	1.31	2.45	1	4.9	37.88	37.75	37.91	399.67	395.15	36.723	37.266	47.89	48.60	399.8	1999	0	86.25	47	1.4	0.7	-0.22	2.74	1.00	0.00	0.16	111115
13	"15:31:06"	136.5	1	14.3	0.0361	-250	1.77	4.01	39.52	1.31	2.45	1	4.9	37.90	37.77	37.93	399.75	394.83	36.736	37.295	47.86	48.59	399.9	2000	0	86.26	47	1.4	1.0	-0.22	2.74	1.00	0.00	0.16	111115
14	"15:31:11"	142.0	1	13.9	0.0383	-197	1.87	4	39.51	1.31	2.45	1	4.9	37.93	37.79	37.95	399.92	395.13	36.758	37.349	47.81	48.58	399.9	1999	0	86.26	47	1.4	0.7	-0.22	2.74	1.00	0.00	0.16	111115
15	"15:31:16"	147.0	1	13.4	0.0395	-161	1.93	4	39.51	1.31	2.45	1	4.9	37.95	37.81	37.97	399.85	395.20	36.770	37.380	47.77	48.57	399.9	1999	0	86.26	47	1.4	0.7	-0.22	2.74	1.00	0.00	0.16	111115
16	"15:31:21"	152.0	1	14.1	0.0404	-177	1.98	4	39.52	1.31	2.45	1	4.9	37.98	37.83	37.99	399.96	395.08	36.783	37.406	47.71	48.52	399.9	1999	0	86.26	47	1.4	1.0	-0.22	2.74	1.00	0.00	0.16	111115
17	"15:31:27"	157.5	1	14.4	0.0389	-209	1.91	4.01	39.56	1.31	2.45	1	4.9	38.01	37.85	38.02	399.92	394.95	36.825	37.428	47.69	48.47	399.9	1999	0	86.26	47	1.4	0.7	-0.22	2.74	1.00	0.00	0.16	111115
18	"15:31:32"	162.5	1	14.3	0.0391	-202	1.92	4.02	39.58	1.31	2.45	1	4.9	38.03	37.87	38.03	399.97	395.04	36.866	37.472	47.69	48.47	399.9	1999	0	86.26	47	1.4	1.0	-0.22	2.74	1.00	0.00	0.16	111115
19	"15:31:37"	167.5	1	14.5	0.0391	-211	1.93	4.02	39.60	1.31	2.45	1	4.9	38.05	37.89	38.05	399.94	394.93	36.913	37.520	47.70	48.48	399.9	1999	0	86.26	47	1.4	1.0	-0.22	2.74	1.00	0.00	0.16	111115
20	"15:31:42"	173.0	1	14.7	0.0397	-209	1.95	4.02	39.61	1.31	2.45	1	4.9	38.07	37.91	38.07	399.96	394.89	36.947	37.563	47.69	48.49	399.9	1999	0	86.26	47	1.4	1.0	-0.22	2.74	1.00	0.00	0.16	111115
21	"15:31:47"	178.0	1	15.1	0.0385	-241	1.9	4.03	39.64	1.31	2.45	1	4.9	38.10	37.93	38.09	400.02	394.84	36.995	37.595	47.68	48.45	399.9	2000	0	86.26	47	1.4	1.0	-0.22	2.74	1.00	0.00	0.16	111115
22	"15:31:52"	183.0	1	15.1	0.0373	-265	1.85	4.04	39.67	1.31	2.45	1	4.9	38.11	37.94	38.10	399.89	394.69	37.029	37.611	47.69	48.44	399.8	2000	0	86.26	47	1.4	1.0	-0.22	2.74	1.00	0.00	0.16	111115
23	"15:31:58"	188.5	1	15.4	0.0358	-303	1.78	4.05	39.70	1.31	2.45	1	4.9	38.13	37.95	38.11	399.89	394.60	37.049	37.610	47.67	48.39	399.8	2000	0	86.26	47	1.4	0.7	-0.22	2.74	1.00	0.00	0.16	111115
24	"15:32:03"	193.5	1	15.6	0.0345	-335	1.72	4.06	39.73	1.31	2.45	1	4.9	38.14	37.96	38.12	400.01	394.68	37.073	37.615	47.67	48.37	399.8	2001	0	86.26	47	1.4	1.0	-0.22	2.74	1.00	0.00	0.16	111115
25	"15:32:08"	198.5	1	15.4	0.0353	-313	1.76	4.06	39.74	1.31	2.45	1	4.9	38.16	37.98	38.14	400.00	394.71	37.091	37.646	47.65	48.36	399.8	2001	0	86.26	47	1.4	1.0	-0.22	2.74	1.00	0.00	0.16	111115
26	"15:32:13"	204.0	1	15.5	0.0395	-245	1.95	4.04	39.70	1.31	2.45	1	4.9	38.18	38.00	38.15	400.05	394.71	37.130	37.746	47.64	48.43	399.9	2000	0	86.26	47	1.4	1.0	-0.22	2.74	1.00	0.00	0.16	111115
27	"15:32:18"	209.0	1	15.3	0.0402	-224	1.99	4.03	39.70	1.31	2.45	1	4.9	38.20	38.01	38.17	400.12	394.85	37.165	37.792	47.64	48.44	399.8	1999	0	86.26	47	1.4	1.0	-0.22	2.74	1.00	0.00	0.16	111115
28	"15:32:23"	214.0	1	14.4	0.0413	-175	2.04	4.03	39.70	1.31	2.45	1	4.9	38.22	38.03	38.19	400.05	395.08	37.199	37.841	47.63	48.45	399.9	1998	0	86.26	47	1.4	0.7	-0.22	2.74	1.00	0.00	0.16	111115
29	"15:32:29"	219.5	1	14.9	0.0403	-208	2	4.04	39.74	1.31	2.45	1	4.9	38.24	38.05	38.21	399.97	394.83	37.228	37.858	47.61	48.42	399.8	2000	0	86.26	47	1.4	0.7	-0.22	2.74	1.00	0.00	0.16	111115
30	"15:32:34"	224.5	1	15.1	0.0413	-203	2.05	4.05	39.75	1.31	2.45	1	4.9	38.26	38.08	38.23	400.07	394.85	37.262	37.907	47.60	48.42	399.8	2000	0	86.25	47	1.4	0.7	-0.22	2.74	1.00	0.00	0.16	111115
31	"15:32:39"	229.5	1	15.1	0.0403	-218	2	4.06	39.78	1.31	2.45	1	4.9	38.28	38.10	38.25	399.92	394.70	37.290	37.921	47.59	48.39	399.8	2001	0	86.25	47	1.4	0.7	-0.22	2.74	1.00	0.00	0.16	111115
32	"15:32:44"	235.0	1	15.1	0.0411	-203	2.05	4.06	39.80	1.31	2.45	1	4.9	38.31	38.13	38.28	400.08	394.88	37.326	37.971	47.55	48.38	399.8	2001	0	86.25	47	1.4	1.0	-0.22	2.74	1.00	0.00	0.16	111115
33	"15:32:49"	240.0	1	14.6	0.0427	-166	2.12	4.05	39.80	1.31	2.45	1	4.9	38.33	38.15	38.30	399.96	394.89	37.355	38.024	47.54	48.39	399.8	2001	0	86.25	47	1.4	1.0	-0.22	2.74	1.00	0.00	0.16	111115
34	"15:32:54"	245.0	1	15.9	0.0429	-210	2.13	4.06	39.81	1.31	2.45	1	4.9	38.36	38.17	38.32	400.16	394.68	37.372	38.044	47.48	48.34	399.9	2001	0	86.25	47	1.4	1.0	-0.22	2.74	1.00	0.00	0.16	111115
35	"15:32:59"	250.0	1	15.4	0.0434	-187	2.16	4.06	39.82	1.31	2.45	1	4.9	38.38	38.19	38.35	400.01	394.67	37.386	38.067	47.45	48.31	399.8	2000	0	86.25	47	1.4	0.7	-0.22	2.74	1.00	0.00	0.16	111115
36	"15:33:05"	255.5	1	15.3	0.0433	-182	2.16	4.07	39.86	1.31	2.45	1	4.9	38.41	38.23	38.38	400.05	394.77	37.403	38.084	47.40	48.26	399.8	1999	0	86.25	47	1.4	1.0	-0.22	2.74	1.00	0.00	0.16	111115
37	"15:33:10"	260.5	1	15.8	0.0428	-206	2.14	4.08	39.89	1.31	2.45	1	4.9	38.44	38.25	38.41	400.05	394.61	37.421	38.096	47.34	48.20	399.8	1999	0	86.25	47	1.4	1.0	-0.22	2.74	1.00	0.00	0.16	111115
38	"15:33:15"	266.0	1	16.1	0.0384	-288	1.94	4.13	39.99	1.31	2.45	1	4.9	38.47	38.29	38.44	400.05	394.51	37.449	38.061	47.30	48.07	399.9	1999	0	86.25	47	1.4	0.7	-0.22	2.74	1.00	0.00	0.16	111115
39	"15:33:20"	271.0	1	16.7	0.0363	-349	1.85	4.15	40.04	1.31	2.45	1	4.9	38.50	38.31	38.46	400.15	394.44	37.476	38.058	47.26	47.99	399.9	1999	0	86.25	47	1.4	0.7	-0.22	2.74	1.00	0.00	0.16	111115
40	"15:33:25"	276.0	1	16.6	0.0353	-366	1.8	4.16	40.09	1.31	2.45	1	4.9	38.52	38.34	38.49	400.10	394.42	37.508	38.076	47.25	47.96	399.8	2000	0	86.25	47	1.4	1.0	-0.22	2.74	1.00	0.00	0.16	111115
41	"15:33:31"	281.5	1	16.5	0.041	-257	2.08	4.13	40.03	1.31	2.45	1	4.9	38.55	38.37	38.51	399.96	394.30	37.534	38.189	47.20	48.03	399.8	2000	0	86.25	47	1.4	1.0	-0.22	2.74	1.00	0.00	0.16	111115
42	"15:33:36"	286.5	1	15.2	0.0432	-182	2.18	4.12	40.02	1.31	2.45	1	4.9	38.58	38.39	38.54	400.15	394.88	37.557	38.244	47.16	48.02	399.9	1999	0	86.25	47	1.4	1.0	-0.22	2.74	1.00	0.00	0.16	111115
43	"15:33:41"	291.5	1	14	0.0455	-111	2.29	4.11	40.01	1.31	2.45	1	4.9	38.61	38.42	38.56	399.90	395.03	37.576	38.299	47.10	48.01	399.8	1998	0	86.25	47	1.4	0.7	-0.22	2.74	1.00	0.00	0.16	111115
44	"15:33:46"	297.0	1	15	0.0477	-123	2.4	4.11	40.01	1.31	2.45	1	4.9	38.64	38.45	38.60	399.92	394.70	37.602	38.358	47.06	48.01	399.8	1999	0	86.25	47	1.4	0.7	-0.22	2.74	1.00	0.00	0.16	111115
45	"15:33:51"	302.0	1	15.5	0.049	-126	2.47	4.11	40.02	1.31	2.45	1	4.9	38.67	38.48	38.63	399.92	394.53	37.621	38.398	47.01	47.98	399.8	1999	0	86.25	47	1.4	0.7	-0.22	2.74	1.00	0.00	0.16	111115
46	"15:33:56"	307.0	1	15.9	0.0489	-140	2.47	4.12	40.06	1.31	2.45	1	4.9	38.71	38.52	38.66	399.91	394.39	37.643	38.421	46.93	47.90	399.4	2001	0	86.25	47	1.4	0.3	-0.22	2.74	1.00	0.00	0.16	111115
47	"15:34:02"	312.5	1	16.5	0.0483	-167	2.45	4.14	40.10	1.31	2.45	1	4.9	38.75	38.56	38.70	399.95	394.22	37.661	38.433	46.85	47.81	399.9	2001	0	86.25	47	1.4	0.7	-0.22	2.74	1.00	0.00	0.16	111115
48	"15:34:07"	317.5	1	17.3	0.0489	-184	2.48	4.14	40.12	1.31	2.45	1	4.9	38.79	38.59	38.74	400.15	394.17	37.688	38.470	46.79	47.76	399.9	2001	0	86.25	47	1.4	0.3	-0.22	2.74	1.00	0.00	0.16	111115
49	"15:34:12"	322.5	1	17.3	0.0494	-178	2.51	4.15	40.15	1.31	2.45	1	4.9	38.82	38.63	38.77	400.04	394.06	37.702	38.494	46.73	47.71	399.8	2000	0	86.25	47	1.4	0.7	-0.22	2.74	1.00	0.00	0.16	111115
50	"15:34:17"	328.0	1	17.4	0.0504	-173	2.57	4.16	40.17	1.31	2.45	1	4.9	38.86	38.67	38.81	399.98	393.94	37.721	38.530	46.65	47.65	399.8	1999	0	86.25	47	1.4	0.7	-0.22	2.74	1.00	0.00	0.16	111115
51	"15:34:22"	333.0	1	17.5	0.0509	-171	2.59	4.17	40.20	1.31	2.45	1	4.9	38.90	38.70	38.85	399.98	393.91	37.736	38.553	46.57	47.58	399.9	1999	0	86.25	47	1.4	0.7	-0.22	2.74	1.00	0.00	0.16	111115
"15:34:27 Lamp: ParIn ->  2000 uml"
"15:34:27 CO2 Mixer: CO2R -> 400 uml"
"15:34:27 Coolers: Off"
"15:34:27 Flow: Fixed -> 400 umol/s"
