"OpenRecomp 6.1"
"/User/RO_053014_jh05_c39c"
"Thr Jun  5 2014 16:06:38"
"**************"
"OPEN 6.2.5"
"Fri May 30 2014 15:02:04"
<open><version>"6.2.5"</version></open>
<open><configfile>"/User/Configs/UserPrefs/LED 2x3 Broadleaf EB.xml"</configfile></open>
<open><light><source>"6400-02 or -02B LED Source"</source><par_in>1<sensor>"SI-3815"<cal>-0.84<actinity>1.00</actinity><transm>1.00</transm></cal></sensor><transm>1</transm></par_in><par_out>1<sensor>"Q49917"<cal>6.73</cal></sensor></par_out></light></open>
<open><comps><file>"/User/Configs/Comps/StdComps_6.1"<header>""</header><extras></extras></file><energybal>yes<f_parIn>1</f_parIn><f_parOut>0</f_parOut><alphaK>0.16</alphaK></energybal><bc_total>4.597<stomatal_ratio>1</stomatal_ratio><bc_oneside>2.298<type>2</type><table>"/Sys/Lib/StdBLCTable"</table><area>2</area><slope>-0.219565</slope><offset>2.73739</offset><fan>5</fan></bc_oneside></bc_total></comps></open>
<open><prompts><onlog>off</onlog><items>"Default (none)"</items></prompts></open>
<open><constants><oxygen>21 %</oxygen><bb_vapor>1.5</bb_vapor><bb_oxy>0.9</bb_oxy></constants></open>
<open><stability><items>"Std Stability"<items[1]><id>-2</id><size>15</size><pcv><onoff>0</onoff><value>1</value></pcv><std><onoff>0</onoff><value>1</value></std><slp><onoff>1</onoff><value>1</value></slp></items[1]><items[2]><id>-5</id><size>15</size><pcv><onoff>0</onoff><value>1</value></pcv><std><onoff>0</onoff><value>1</value></std><slp><onoff>1</onoff><value>1</value></slp></items[2]><items[3]><id>-7</id><size>15</size><pcv><onoff>0</onoff><value>1</value></pcv><std><onoff>0</onoff><value>1</value></std><slp><onoff>1</onoff><value>1</value></slp></items[3]></items></stability></open>
<open><log><format>"StdLogFmt_6.0"<items>{ -35 -21 -36 -76 30 23 36 21 25 221 -33 111 -34 11 -9 -10 -8 -1 -2 -4 -5 -14 -15 -7 -12 -13 -11 -65 -66 -72 -18 -19 -77 -78 -79 -23  }<hdr>{  }</hdr></items></format><options><beep>on</beep><hdr>normal</hdr><rem>normal</rem><stab>no</stab><stats>no<mean>no</mean><file>no</file><period>15</period></stats><excel>yes</excel><controls>yes</controls><comm>no</comm></options><datafile>"/User/RO_053014_jh05_c39c"</datafile><button><action>"Normal Log"<code>" LogOneObsManual "</code></action></button><autoprog>"/User/Configs/AutoProgs/AutoLog2"<active>no</active></autoprog></log></open>
<open><a2d><avgtime>4.0 secs</avgtime><userchans><ch20>"Off"</ch20><ch21>"Off"</ch21><ch22>"Off"</ch22><ch23>"Off"</ch23></userchans></a2d></open>
<open><matching><type>0</type><disp>'a'</disp><settings><CO2Limit>10.0</CO2Limit><H2OLimit>1.0</H2OLimit><MaxAutoTime>60</MaxAutoTime></settings></matching></open>
<li6400><factory><unit>"PSC-3883"</unit><serviced>"1 Aug 2013"</serviced><fuseaware>0</fuseaware><co2mixer>yes</co2mixer><co2><coeffs>{ 0 0.215475 2.07669e-05 2.37753e-08 -4.7091e-12 4.61736e-16  }</coeffs><dvdt>-3</dvdt><xs>{ 0.0009 1e-04  }</xs></co2><h2o><coeffs>{ 0 0.00566209 2.39758e-06 -1.57101e-11  }</coeffs><dvdt>-1.8</dvdt><xs>{ -0.0021 0.0003  }</xs></h2o><flow>{ 0 0.3625  }</flow><press>{ 88.784 0.00552  }</press></factory></li6400>
<li6400><user><flow_zero>272.9</flow_zero><irga_zero><co2>155.9 312.0<at>27.0656</at></co2><h2o>77.8 155.9<at>20.5456</at></h2o></irga_zero><irga_span><co2>{ 0.990299 0.992024  }</co2><h2o>{ 0.996398 0.991366  }</h2o></irga_span><irga_match><co2>{ -0.525781 47.0452  }</co2><h2o>{ -0.0204901 1.39968  }</h2o></irga_match><co2_mixer><pump_mv>4500</pump_mv><ppm>{ 2334.38 1081.1 414.071 247.233 109.73 62.0536 42.4298 42.5346  }</ppm><mv>{ 5000 3000 1500 1000 500 300 200 100  }</mv></co2_mixer><parin_offset>0</parin_offset><led_cal><unit>"SI-3815"</unit><mv>{ 10 25 50 100 1000 2000 3000 4000 5000  }</mv><qntm>{ 5.11316 15.7138 35.4662 78.9337 952.359 1887.64 2772.82 3623.26 4236.5  }</qntm></led_cal><lcf_cal><unit>"LCF-1868"</unit><red><mv>{ 50 100 200 400 800 1500  }</mv><qntm>{ 83.3499 173.558 363.699 759.124 1568.31 2974.4  }</qntm></red><blue><mv>{ 100 500 1000 2000 3000 4000 5000  }</mv><qntm>{ 9.12114 42.0188 78.7105 139.161 193.231 240.768 280.025  }</qntm></blue></lcf_cal></user></li6400>
"15:02:05 "
$STARTOFDATA$
"Obs"	"HHMMSS"	"FTime"	"EBal?"	"Photo"	"Cond"	"Ci"	"Trmmol"	"VpdL"	"CTleaf"	"Area"	"BLC_1"	"StmRat"	"BLCond"	"Tair"	"Tleaf"	"TBlk"	"CO2R"	"CO2S"	"H2OR"	"H2OS"	"RH_R"	"RH_S"	"Flow"	"PARi"	"PARo"	"Press"	"CsMch"	"HsMch"	"StableF"	"BLCslope"	"BLCoffst"	"f_parin"	"f_parout"	"alphaK"	"Status"
"15:02:06 Launched AutoProg /User/Configs/AutoProgs/AutoLog2"
"15:02:09 Lamp: ParIn ->  2000 uml"
"15:02:09 CO2 Mixer: CO2R -> 400 uml"
"15:02:09 Coolers: Off"
"15:02:09 Flow: Fixed -> 400 umol/s"
1	"15:02:14"	14.5	1	15.6	0.168	223	6.39	3.19	37.80	1.25	2.47	1	4.93	37.69	37.59	37.69	400.09	394.44	37.498	39.416	49.35	51.87	399.8	1937	0	86.15	47	1.4	0.3	-0.22	2.74	1.00	0.00	0.16	111115
2	"15:02:20"	20.0	1	16	0.208	248	7.52	3.06	37.53	1.25	2.47	1	4.93	37.71	37.61	37.71	400.23	394.31	37.542	39.800	49.35	52.32	399.9	1996	0	86.15	47	1.4	0.3	-0.22	2.74	1.00	0.00	0.16	111115
3	"15:02:25"	25.0	1	15.7	0.242	267	8.37	2.95	37.28	1.25	2.47	1	4.93	37.72	37.62	37.72	399.94	394.00	37.570	40.080	49.36	52.66	399.9	1997	0	86.15	47	1.4	0.3	-0.22	2.74	1.00	0.00	0.16	111115
4	"15:02:30"	30.0	1	15.3	0.263	277	8.9	2.9	37.18	1.25	2.47	1	4.93	37.72	37.69	37.73	399.69	393.81	37.600	40.270	49.40	52.91	399.8	2001	0	86.15	47	1.4	0.3	-0.22	2.74	1.00	0.00	0.16	111115
5	"15:02:35"	35.5	1	16	0.285	281	9.38	2.83	37.03	1.25	2.47	1	4.93	37.73	37.69	37.74	399.70	393.55	37.640	40.453	49.43	53.12	399.9	2002	0	86.15	47	1.4	0.3	-0.22	2.74	1.00	0.00	0.16	111115
6	"15:02:40"	40.5	1	16.1	0.294	283	9.57	2.81	36.98	1.25	2.47	1	4.93	37.74	37.71	37.75	399.73	393.51	37.674	40.544	49.45	53.21	399.9	2000	0	86.15	47	1.4	0.3	-0.22	2.74	1.00	0.00	0.16	111115
7	"15:02:45"	45.5	1	14.8	0.301	292	9.72	2.78	36.94	1.25	2.47	1	4.93	37.74	37.71	37.76	399.60	393.78	37.713	40.628	49.50	53.32	399.9	2001	0	86.15	47	1.4	0.7	-0.22	2.74	1.00	0.00	0.16	111115
8	"15:02:51"	51.0	1	15.2	0.312	293	9.93	2.75	36.88	1.25	2.47	1	4.93	37.75	37.72	37.77	399.57	393.60	37.750	40.729	49.52	53.43	399.8	2000	0	86.15	47	1.4	0.7	-0.22	2.74	1.00	0.00	0.16	111115
9	"15:02:56"	56.0	1	15.1	0.314	294	9.98	2.75	36.87	1.25	2.47	1	4.93	37.76	37.73	37.78	399.57	393.61	37.785	40.778	49.54	53.46	399.9	2000	0	86.15	47	1.4	0.7	-0.22	2.74	1.00	0.00	0.16	111115
10	"15:03:01"	61.0	1	14.4	0.321	300	10.1	2.73	36.84	1.25	2.47	1	4.93	37.77	37.74	37.79	399.57	393.83	37.814	40.849	49.55	53.53	399.9	2001	0	86.15	47	1.4	0.7	-0.22	2.74	1.00	0.00	0.16	111115
11	"15:03:06"	66.5	1	15.2	0.322	295	10.1	2.73	36.85	1.25	2.47	1	4.93	37.78	37.76	37.80	399.50	393.49	37.843	40.886	49.56	53.54	399.8	2001	0	86.15	47	1.4	1.0	-0.22	2.74	1.00	0.00	0.16	111115
12	"15:03:11"	71.5	1	15.5	0.323	294	10.2	2.73	36.87	1.25	2.47	1	4.93	37.79	37.80	37.81	399.58	393.47	37.869	40.927	49.57	53.57	399.9	2001	0	86.15	47	1.4	0.7	-0.22	2.74	1.00	0.00	0.16	111115
13	"15:03:16"	76.5	1	16.1	0.304	286	9.81	2.79	37.00	1.25	2.47	1	4.93	37.80	37.81	37.82	399.64	393.41	37.904	40.847	49.59	53.44	399.8	2001	0	86.15	47	1.4	0.7	-0.22	2.74	1.00	0.00	0.16	111115
14	"15:03:22"	82.0	1	16	0.301	285	9.75	2.79	37.02	1.25	2.47	1	4.93	37.81	37.81	37.82	399.60	393.39	37.940	40.865	49.61	53.43	399.8	2000	0	86.15	47	1.4	1.0	-0.22	2.74	1.00	0.00	0.16	111115
15	"15:03:27"	87.0	1	16.1	0.307	287	9.86	2.77	36.99	1.25	2.47	1	4.93	37.81	37.81	37.83	399.62	393.38	37.976	40.933	49.65	53.52	399.8	2001	0	86.15	47	1.4	1.0	-0.22	2.74	1.00	0.00	0.16	111115
16	"15:03:32"	92.0	1	16	0.325	292	10.2	2.72	36.87	1.25	2.47	1	4.93	37.81	37.80	37.83	399.59	393.33	38.010	41.071	49.70	53.70	399.9	2000	0	86.15	47	1.4	1.0	-0.22	2.74	1.00	0.00	0.16	111115
17	"15:03:37"	97.5	1	16.2	0.334	293	10.4	2.7	36.81	1.25	2.47	1	4.93	37.82	37.80	37.83	399.59	393.24	38.042	41.153	49.71	53.78	399.9	1999	0	86.15	47	1.4	0.7	-0.22	2.74	1.00	0.00	0.16	111115
18	"15:03:42"	102.5	1	16.6	0.329	290	10.3	2.71	36.86	1.25	2.47	1	4.93	37.82	37.81	37.84	399.61	393.16	38.078	41.159	49.76	53.79	399.8	1999	0	86.15	47	1.4	1.0	-0.22	2.74	1.00	0.00	0.16	111115
19	"15:03:47"	107.5	1	16.5	0.324	289	10.2	2.72	36.89	1.25	2.47	1	4.93	37.83	37.81	37.85	399.63	393.21	38.112	41.160	49.78	53.76	399.9	1999	0	86.15	47	1.4	1.0	-0.22	2.74	1.00	0.00	0.16	111115
20	"15:03:53"	113.0	1	16.2	0.335	293	10.4	2.7	36.84	1.25	2.47	1	4.93	37.84	37.83	37.86	399.60	393.26	38.147	41.262	49.80	53.86	399.9	2000	0	86.15	47	1.4	1.0	-0.22	2.74	1.00	0.00	0.16	111115
21	"15:03:58"	118.0	1	16.4	0.341	294	10.5	2.68	36.80	1.25	2.47	1	4.93	37.85	37.83	37.86	399.58	393.17	38.183	41.332	49.82	53.92	399.9	1999	0	86.15	47	1.4	1.0	-0.22	2.74	1.00	0.00	0.16	111115
22	"15:04:03"	123.0	1	16.5	0.344	294	10.6	2.67	36.80	1.25	2.47	1	4.93	37.85	37.84	37.87	399.68	393.23	38.218	41.383	49.86	53.99	399.8	1999	0	86.15	47	1.4	1.0	-0.22	2.74	1.00	0.00	0.16	111115
23	"15:04:08"	128.5	1	16.3	0.347	296	10.6	2.66	36.79	1.25	2.47	1	4.93	37.86	37.85	37.88	399.65	393.24	38.262	41.445	49.89	54.04	399.9	1998	0	86.15	47	1.4	1.0	-0.22	2.74	1.00	0.00	0.16	111115
24	"15:04:13"	133.5	1	15.7	0.346	299	10.6	2.66	36.80	1.25	2.47	1	4.93	37.87	37.86	37.89	399.59	393.38	38.294	41.474	49.91	54.05	399.9	2000	0	86.15	47	1.4	1.0	-0.22	2.74	1.00	0.00	0.16	111115
25	"15:04:19"	139.0	1	16.3	0.346	295	10.6	2.66	36.81	1.25	2.47	1	4.93	37.89	37.87	37.90	399.62	393.22	38.337	41.516	49.91	54.05	399.9	2000	0	86.15	47	1.4	1.0	-0.22	2.74	1.00	0.00	0.16	111115
"15:04:22 Lamp: ParIn ->  2000 uml"
"15:04:22 CO2 Mixer: CO2R -> 400 uml"
"15:04:22 Coolers: Off"
"15:04:22 Flow: Fixed -> 400 umol/s"
