"OpenRecomp 6.1"
"/User/RO_053014_0i19_c17c"
"Thr Jun  5 2014 16:01:12"
"**************"
"OPEN 6.2.5"
"Fri May 30 2014 13:43:25"
<open><version>"6.2.5"</version></open>
<open><configfile>"/User/Configs/UserPrefs/LED 2x3 Broadleaf EB.xml"</configfile></open>
<open><light><source>"6400-02 or -02B LED Source"</source><par_in>1<sensor>"SI-3815"<cal>-0.84<actinity>1.00</actinity><transm>1.00</transm></cal></sensor><transm>1</transm></par_in><par_out>1<sensor>"Q49917"<cal>6.73</cal></sensor></par_out></light></open>
<open><comps><file>"/User/Configs/Comps/StdComps_6.1"<header>""</header><extras></extras></file><energybal>yes<f_parIn>1</f_parIn><f_parOut>0</f_parOut><alphaK>0.16</alphaK></energybal><bc_total>4.597<stomatal_ratio>1</stomatal_ratio><bc_oneside>2.298<type>2</type><table>"/Sys/Lib/StdBLCTable"</table><area>2</area><slope>-0.219565</slope><offset>2.73739</offset><fan>5</fan></bc_oneside></bc_total></comps></open>
<open><prompts><onlog>off</onlog><items>"Default (none)"</items></prompts></open>
<open><constants><oxygen>21 %</oxygen><bb_vapor>1.5</bb_vapor><bb_oxy>0.9</bb_oxy></constants></open>
<open><stability><items>"Std Stability"<items[1]><id>-2</id><size>15</size><pcv><onoff>0</onoff><value>1</value></pcv><std><onoff>0</onoff><value>1</value></std><slp><onoff>1</onoff><value>1</value></slp></items[1]><items[2]><id>-5</id><size>15</size><pcv><onoff>0</onoff><value>1</value></pcv><std><onoff>0</onoff><value>1</value></std><slp><onoff>1</onoff><value>1</value></slp></items[2]><items[3]><id>-7</id><size>15</size><pcv><onoff>0</onoff><value>1</value></pcv><std><onoff>0</onoff><value>1</value></std><slp><onoff>1</onoff><value>1</value></slp></items[3]></items></stability></open>
<open><log><format>"StdLogFmt_6.0"<items>{ -35 -21 -36 -76 30 23 36 21 25 221 -33 111 -34 11 -9 -10 -8 -1 -2 -4 -5 -14 -15 -7 -12 -13 -11 -65 -66 -72 -18 -19 -77 -78 -79 -23  }<hdr>{  }</hdr></items></format><options><beep>on</beep><hdr>normal</hdr><rem>normal</rem><stab>no</stab><stats>no<mean>no</mean><file>no</file><period>15</period></stats><excel>yes</excel><controls>yes</controls><comm>no</comm></options><datafile>"/User/RO_053014_0i19_c17c"</datafile><button><action>"Normal Log"<code>" LogOneObsManual "</code></action></button><autoprog>"/User/Configs/AutoProgs/AutoLog2"<active>no</active></autoprog></log></open>
<open><a2d><avgtime>4.0 secs</avgtime><userchans><ch20>"Off"</ch20><ch21>"Off"</ch21><ch22>"Off"</ch22><ch23>"Off"</ch23></userchans></a2d></open>
<open><matching><type>0</type><disp>'a'</disp><settings><CO2Limit>10.0</CO2Limit><H2OLimit>1.0</H2OLimit><MaxAutoTime>60</MaxAutoTime></settings></matching></open>
<li6400><factory><unit>"PSC-3883"</unit><serviced>"1 Aug 2013"</serviced><fuseaware>0</fuseaware><co2mixer>yes</co2mixer><co2><coeffs>{ 0 0.215475 2.07669e-05 2.37753e-08 -4.7091e-12 4.61736e-16  }</coeffs><dvdt>-3</dvdt><xs>{ 0.0009 1e-04  }</xs></co2><h2o><coeffs>{ 0 0.00566209 2.39758e-06 -1.57101e-11  }</coeffs><dvdt>-1.8</dvdt><xs>{ -0.0021 0.0003  }</xs></h2o><flow>{ 0 0.3625  }</flow><press>{ 88.784 0.00552  }</press></factory></li6400>
<li6400><user><flow_zero>272.9</flow_zero><irga_zero><co2>155.9 312.0<at>27.0656</at></co2><h2o>77.8 155.9<at>20.5456</at></h2o></irga_zero><irga_span><co2>{ 0.990299 0.992024  }</co2><h2o>{ 0.996398 0.991366  }</h2o></irga_span><irga_match><co2>{ -0.525781 48.2674  }</co2><h2o>{ -0.0204901 1.47223  }</h2o></irga_match><co2_mixer><pump_mv>4500</pump_mv><ppm>{ 2334.38 1081.1 414.071 247.233 109.73 62.0536 42.4298 42.5346  }</ppm><mv>{ 5000 3000 1500 1000 500 300 200 100  }</mv></co2_mixer><parin_offset>0</parin_offset><led_cal><unit>"SI-3815"</unit><mv>{ 10 25 50 100 1000 2000 3000 4000 5000  }</mv><qntm>{ 5.11316 15.7138 35.4662 78.9337 952.359 1887.64 2772.82 3623.26 4236.5  }</qntm></led_cal><lcf_cal><unit>"LCF-1868"</unit><red><mv>{ 50 100 200 400 800 1500  }</mv><qntm>{ 83.3499 173.558 363.699 759.124 1568.31 2974.4  }</qntm></red><blue><mv>{ 100 500 1000 2000 3000 4000 5000  }</mv><qntm>{ 9.12114 42.0188 78.7105 139.161 193.231 240.768 280.025  }</qntm></blue></lcf_cal></user></li6400>
"13:43:27 "
$STARTOFDATA$
"Obs"	"HHMMSS"	"FTime"	"EBal?"	"Photo"	"Cond"	"Ci"	"Trmmol"	"VpdL"	"CTleaf"	"Area"	"BLC_1"	"StmRat"	"BLCond"	"Tair"	"Tleaf"	"TBlk"	"CO2R"	"CO2S"	"H2OR"	"H2OS"	"RH_R"	"RH_S"	"Flow"	"PARi"	"PARo"	"Press"	"CsMch"	"HsMch"	"StableF"	"BLCslope"	"BLCoffst"	"f_parin"	"f_parout"	"alphaK"	"Status"
"13:43:27 Launched AutoProg /User/Configs/AutoProgs/AutoLog2"
"13:43:29 Lamp: ParIn ->  2000 uml"
"13:43:29 CO2 Mixer: CO2R -> 400 uml"
"13:43:29 Coolers: Off"
"13:43:29 Flow: Fixed -> 400 umol/s"
1	"13:43:34"	22.5	1	10.9	-0.0372	824	-1.52	3.14	37.66	1.57	2.39	1	4.79	34.85	34.81	34.84	400.34	396.28	41.591	41.020	61.41	60.57	399.9	1999	0	82.71	48.3	1.47	0.7	-0.22	2.74	1.00	0.00	0.16	111115
2	"13:43:40"	28.0	1	11.1	-0.0202	1.22E+03	-0.792	3.04	37.43	1.57	2.39	1	4.79	34.85	34.81	34.85	400.43	396.20	41.588	41.290	61.41	60.97	399.9	1998	0	82.71	48.3	1.47	0.7	-0.22	2.74	1.00	0.00	0.16	111115
3	"13:43:45"	33.0	1	11.1	-0.0118	1.83E+03	-0.454	2.99	37.33	1.57	2.39	1	4.79	34.85	34.82	34.85	400.36	396.08	41.596	41.425	61.42	61.17	399.9	2000	0	82.71	48.3	1.47	0.7	-0.22	2.74	1.00	0.00	0.16	111115
4	"13:43:50"	38.0	1	11.3	-0.00385	4.92E+03	-0.146	2.95	37.23	1.57	2.39	1	4.79	34.85	34.82	34.86	400.48	396.07	41.595	41.540	61.42	61.34	399.8	2001	0	82.71	48.3	1.47	0.3	-0.22	2.74	1.00	0.00	0.16	111115
5	"13:43:55"	43.5	1	11.3	0.000353	-4.92E+04	0.0133	2.93	37.19	1.57	2.39	1	4.79	34.85	34.83	34.86	400.48	396.06	41.608	41.613	61.44	61.44	399.9	2001	0	82.71	48.3	1.47	0.7	-0.22	2.74	1.00	0.00	0.16	111115
6	"13:44:00"	48.5	1	11.4	0.00521	-3.04E+03	0.194	2.9	37.13	1.57	2.39	1	4.79	34.85	34.83	34.87	400.48	395.96	41.612	41.685	61.44	61.55	399.9	2001	0	82.71	48.3	1.47	1.0	-0.22	2.74	1.00	0.00	0.16	111115
7	"13:44:05"	53.5	1	11.4	0.00943	-1.51E+03	0.348	2.88	37.08	1.57	2.39	1	4.79	34.84	34.83	34.87	400.41	395.89	41.604	41.735	61.46	61.66	399.9	2002	0	82.71	48.3	1.47	1.0	-0.22	2.74	1.00	0.00	0.16	111115
8	"13:44:11"	59.0	1	11.6	0.0124	-1.07E+03	0.457	2.87	37.05	1.57	2.39	1	4.79	34.84	34.84	34.87	400.44	395.83	41.615	41.787	61.48	61.73	399.9	1999	0	82.71	48.3	1.47	1.0	-0.22	2.74	1.00	0.00	0.16	111115
9	"13:44:16"	64.0	1	11.8	0.0155	-811	0.566	2.85	37.02	1.57	2.39	1	4.79	34.84	34.85	34.88	400.49	395.78	41.614	41.827	61.48	61.79	399.8	1999	0	82.71	48.3	1.47	1.0	-0.22	2.74	1.00	0.00	0.16	111115
10	"13:44:21"	69.0	1	11.6	0.0164	-729	0.598	2.85	37.02	1.57	2.39	1	4.79	34.85	34.86	34.89	400.47	395.83	41.619	41.844	61.45	61.78	399.9	1999	0	82.71	48.3	1.47	1.0	-0.22	2.74	1.00	0.00	0.16	111115
11	"13:44:26"	74.5	1	11.6	0.0165	-719	0.603	2.85	37.02	1.57	2.39	1	4.79	34.85	34.86	34.89	400.45	395.81	41.628	41.855	61.46	61.79	399.8	1999	0	82.7	48.3	1.47	1.0	-0.22	2.74	1.00	0.00	0.16	111115
12	"13:44:31"	79.5	1	11.7	0.00953	-1.53E+03	0.353	2.89	37.11	1.57	2.39	1	4.79	34.85	34.87	34.90	400.47	395.84	41.627	41.760	61.46	61.65	399.8	2000	0	82.7	48.3	1.47	1.0	-0.22	2.74	1.00	0.00	0.16	111115
13	"13:44:36"	84.5	1	11.5	0.0102	-1.38E+03	0.377	2.89	37.11	1.57	2.39	1	4.79	34.85	34.87	34.90	400.33	395.76	41.627	41.769	61.46	61.67	399.9	2001	0	82.71	48.3	1.47	1.0	-0.22	2.74	1.00	0.00	0.16	111115
14	"13:44:42"	90.0	1	12.1	0.0147	-910	0.54	2.86	37.05	1.57	2.39	1	4.79	34.84	34.87	34.90	400.47	395.63	41.625	41.828	61.49	61.79	399.8	2000	0	82.71	48.3	1.47	1.0	-0.22	2.74	1.00	0.00	0.16	111115
15	"13:44:47"	95.0	1	12.1	0.0191	-612	0.694	2.84	37.00	1.57	2.39	1	4.79	34.84	34.87	34.90	400.41	395.57	41.621	41.882	61.49	61.87	399.9	2001	0	82.71	48.3	1.47	0.7	-0.22	2.74	1.00	0.00	0.16	111115
16	"13:44:52"	100.0	1	12.3	0.0214	-527	0.774	2.83	36.98	1.57	2.39	1	4.79	34.84	34.87	34.91	400.54	395.58	41.623	41.914	61.49	61.92	399.9	2001	0	82.71	48.3	1.47	1.0	-0.22	2.74	1.00	0.00	0.16	111115
17	"13:44:57"	105.5	1	12.2	0.017	-743	0.622	2.86	37.03	1.57	2.39	1	4.79	34.84	34.88	34.91	400.47	395.59	41.622	41.856	61.48	61.83	399.9	2001	0	82.7	48.3	1.47	1.0	-0.22	2.74	1.00	0.00	0.16	111115
18	"13:45:02"	110.5	1	12.1	0.0169	-747	0.617	2.86	37.04	1.57	2.39	1	4.79	34.84	34.88	34.91	400.41	395.56	41.616	41.848	61.47	61.82	399.9	2001	0	82.7	48.3	1.47	1.0	-0.22	2.74	1.00	0.00	0.16	111115
19	"13:45:07"	115.5	1	12	0.018	-667	0.657	2.85	37.02	1.57	2.39	1	4.79	34.84	34.88	34.91	400.41	395.60	41.616	41.863	61.47	61.84	399.9	2002	0	82.7	48.3	1.47	1.0	-0.22	2.74	1.00	0.00	0.16	111115
20	"13:45:13"	121.0	1	12.5	0.021	-555	0.76	2.84	36.99	1.57	2.39	1	4.79	34.84	34.88	34.91	400.49	395.48	41.604	41.890	61.46	61.88	399.9	1999	0	82.7	48.3	1.47	1.0	-0.22	2.74	1.00	0.00	0.16	111115
21	"13:45:18"	126.0	1	12.6	0.0216	-539	0.781	2.83	36.98	1.57	2.39	1	4.79	34.83	34.88	34.91	400.45	395.38	41.603	41.897	61.49	61.92	399.8	1999	0	82.7	48.3	1.47	1.0	-0.22	2.74	1.00	0.00	0.16	111115
22	"13:45:23"	131.0	1	12.5	0.0202	-593	0.734	2.84	36.99	1.57	2.39	1	4.79	34.83	34.88	34.92	400.51	395.49	41.600	41.876	61.48	61.89	399.9	1999	0	82.7	48.3	1.47	1.0	-0.22	2.74	1.00	0.00	0.16	111115
23	"13:45:28"	136.5	1	12.2	0.0172	-730	0.63	2.86	37.04	1.57	2.39	1	4.79	34.83	34.89	34.92	400.44	395.56	41.593	41.830	61.47	61.82	399.8	1999	0	82.7	48.3	1.47	1.0	-0.22	2.74	1.00	0.00	0.16	111115
24	"13:45:33"	141.5	1	12.2	0.0199	-587	0.723	2.85	37.01	1.57	2.39	1	4.79	34.83	34.89	34.92	400.42	395.51	41.591	41.863	61.47	61.87	399.8	1999	0	82.7	48.3	1.47	1.0	-0.22	2.74	1.00	0.00	0.16	111115
25	"13:45:38"	147.0	1	12.3	0.0204	-567	0.742	2.84	37.00	1.57	2.39	1	4.79	34.82	34.89	34.93	400.43	395.49	41.586	41.865	61.50	61.91	399.8	2000	0	82.7	48.3	1.47	1.0	-0.22	2.74	1.00	0.00	0.16	111115
26	"13:45:43"	152.0	1	12.2	0.0177	-704	0.646	2.86	37.03	1.57	2.39	1	4.79	34.82	34.89	34.93	400.39	395.50	41.580	41.823	61.49	61.85	399.9	2000	0	82.7	48.3	1.47	1.0	-0.22	2.74	1.00	0.00	0.16	111115
27	"13:45:48"	157.0	1	12.3	0.0193	-616	0.704	2.85	37.01	1.57	2.39	1	4.79	34.81	34.89	34.93	400.37	395.45	41.578	41.843	61.52	61.91	399.9	2001	0	82.7	48.3	1.47	1.0	-0.22	2.74	1.00	0.00	0.16	111115
28	"13:45:54"	162.5	1	12.3	0.0223	-488	0.808	2.84	36.99	1.57	2.39	1	4.79	34.81	34.90	34.93	400.44	395.49	41.571	41.875	61.51	61.96	399.9	2001	0	82.7	48.3	1.47	1.0	-0.22	2.74	1.00	0.00	0.16	111115
29	"13:45:59"	167.5	1	12.2	0.0237	-432	0.859	2.83	36.96	1.57	2.39	1	4.79	34.81	34.89	34.93	400.35	395.41	41.559	41.882	61.49	61.97	399.9	2000	0	82.7	48.3	1.47	1.0	-0.22	2.74	1.00	0.00	0.16	111115
30	"13:46:04"	172.5	1	12.4	0.0225	-490	0.816	2.84	36.98	1.57	2.39	1	4.79	34.81	34.90	34.93	400.42	395.41	41.557	41.864	61.49	61.94	399.8	1999	0	82.7	48.3	1.47	1.0	-0.22	2.74	1.00	0.00	0.16	111115
31	"13:46:09"	178.0	1	12.6	0.0247	-423	0.893	2.83	36.97	1.57	2.39	1	4.79	34.81	34.91	34.94	400.47	395.39	41.550	41.886	61.48	61.98	399.9	1999	0	82.7	48.3	1.47	1.0	-0.22	2.74	1.00	0.00	0.16	111115
32	"13:46:14"	183.0	1	12.6	0.0244	-436	0.883	2.83	36.98	1.57	2.39	1	4.79	34.82	34.92	34.95	400.44	395.35	41.547	41.879	61.44	61.93	399.9	1999	0	82.7	48.3	1.47	1.0	-0.22	2.74	1.00	0.00	0.16	111115
33	"13:46:19"	188.0	1	12.5	0.0264	-369	0.952	2.83	36.96	1.57	2.39	1	4.79	34.83	34.92	34.95	400.39	395.33	41.536	41.894	61.39	61.92	399.9	1999	0	82.7	48.3	1.47	1.0	-0.22	2.74	1.00	0.00	0.16	111115
34	"13:46:25"	193.5	1	12.4	0.0261	-372	0.944	2.83	36.97	1.57	2.39	1	4.79	34.83	34.93	34.96	400.37	395.34	41.530	41.885	61.38	61.91	399.9	2000	0	82.7	48.3	1.47	1.0	-0.22	2.74	1.00	0.00	0.16	111115
35	"13:46:30"	198.5	1	12.7	0.0263	-385	0.952	2.83	36.98	1.57	2.39	1	4.79	34.84	34.94	34.97	400.42	395.27	41.527	41.885	61.34	61.87	399.9	2000	0	82.7	48.3	1.47	1.0	-0.22	2.74	1.00	0.00	0.16	111115
36	"13:46:35"	203.5	1	12.8	0.0269	-373	0.973	2.83	36.97	1.57	2.39	1	4.79	34.84	34.94	34.97	400.40	395.21	41.523	41.889	61.34	61.88	399.9	2000	0	82.7	48.3	1.47	1.0	-0.22	2.74	1.00	0.00	0.16	111115
37	"13:46:40"	209.0	1	12.7	0.0284	-328	1.03	2.83	36.97	1.57	2.39	1	4.79	34.85	34.95	34.98	400.31	395.15	41.515	41.901	61.29	61.86	399.8	2000	0	82.7	48.3	1.47	1.0	-0.22	2.74	1.00	0.00	0.16	111115
38	"13:46:45"	214.0	1	12.9	0.0305	-288	1.1	2.82	36.96	1.57	2.39	1	4.79	34.86	34.97	34.99	400.37	395.13	41.512	41.926	61.25	61.86	399.9	2000	0	82.7	48.3	1.47	1.0	-0.22	2.74	1.00	0.00	0.16	111115
39	"13:46:50"	219.0	1	13.2	0.0306	-302	1.1	2.83	36.97	1.57	2.39	1	4.79	34.87	34.98	35.01	400.53	395.18	41.505	41.920	61.21	61.82	399.9	2000	0	82.7	48.3	1.47	1.0	-0.22	2.74	1.00	0.00	0.16	111115
40	"13:46:56"	224.5	1	12.8	0.0277	-351	1.01	2.84	37.01	1.57	2.39	1	4.79	34.88	34.99	35.01	400.40	395.20	41.506	41.885	61.18	61.73	399.9	1999	0	82.7	48.3	1.47	1.0	-0.22	2.74	1.00	0.00	0.16	111115
41	"13:47:01"	229.5	1	12.9	0.0263	-394	0.96	2.85	37.03	1.57	2.39	1	4.79	34.89	35.00	35.03	400.36	395.14	41.507	41.868	61.14	61.68	399.9	1999	0	82.7	48.3	1.47	1.0	-0.22	2.74	1.00	0.00	0.16	111115
42	"13:47:06"	234.5	1	13	0.0287	-333	1.04	2.85	37.02	1.57	2.39	1	4.79	34.90	35.01	35.04	400.27	395.01	41.504	41.897	61.11	61.68	399.9	1999	0	82.7	48.3	1.47	1.0	-0.22	2.74	1.00	0.00	0.16	111115
43	"13:47:11"	240.0	1	13.4	0.032	-281	1.16	2.83	36.98	1.57	2.39	1	4.79	34.91	35.01	35.04	400.42	394.99	41.505	41.940	61.07	61.71	399.9	1999	0	82.7	48.3	1.47	0.7	-0.22	2.74	1.00	0.00	0.16	111115
44	"13:47:16"	245.0	1	13.4	0.0309	-304	1.12	2.84	37.01	1.57	2.39	1	4.79	34.92	35.03	35.06	400.46	395.03	41.509	41.931	61.04	61.67	399.9	1999	0	82.7	48.3	1.47	1.0	-0.22	2.74	1.00	0.00	0.16	111115
"13:47:19 Lamp: ParIn ->  2000 uml"
"13:47:19 CO2 Mixer: CO2R -> 400 uml"
"13:47:19 Coolers: Off"
"13:47:19 Flow: Fixed -> 400 umol/s"
