"OpenRecomp 6.1"
"/User/RO_053014_rr12_c216c"
"Thr Jun  5 2014 16:07:53"
"**************"
"OPEN 6.2.5"
"Fri May 30 2014 10:59:14"
<open><version>"6.2.5"</version></open>
<open><configfile>"/User/Configs/UserPrefs/LED 2x3 Broadleaf EB.xml"</configfile></open>
<open><light><source>"6400-02 or -02B LED Source"</source><par_in>1<sensor>"SI-3815"<cal>-0.84<actinity>1.00</actinity><transm>1.00</transm></cal></sensor><transm>1</transm></par_in><par_out>1<sensor>"Q49917"<cal>6.73</cal></sensor></par_out></light></open>
<open><comps><file>"/User/Configs/Comps/StdComps_6.1"<header>""</header><extras></extras></file><energybal>yes<f_parIn>1</f_parIn><f_parOut>0</f_parOut><alphaK>0.16</alphaK></energybal><bc_total>4.597<stomatal_ratio>1</stomatal_ratio><bc_oneside>2.298<type>2</type><table>"/Sys/Lib/StdBLCTable"</table><area>2</area><slope>-0.219565</slope><offset>2.73739</offset><fan>5</fan></bc_oneside></bc_total></comps></open>
<open><prompts><onlog>off</onlog><items>"Default (none)"</items></prompts></open>
<open><constants><oxygen>21 %</oxygen><bb_vapor>1.5</bb_vapor><bb_oxy>0.9</bb_oxy></constants></open>
<open><stability><items>"Std Stability"<items[1]><id>-2</id><size>15</size><pcv><onoff>0</onoff><value>1</value></pcv><std><onoff>0</onoff><value>1</value></std><slp><onoff>1</onoff><value>1</value></slp></items[1]><items[2]><id>-5</id><size>15</size><pcv><onoff>0</onoff><value>1</value></pcv><std><onoff>0</onoff><value>1</value></std><slp><onoff>1</onoff><value>1</value></slp></items[2]><items[3]><id>-7</id><size>15</size><pcv><onoff>0</onoff><value>1</value></pcv><std><onoff>0</onoff><value>1</value></std><slp><onoff>1</onoff><value>1</value></slp></items[3]></items></stability></open>
<open><log><format>"StdLogFmt_6.0"<items>{ -35 -21 -36 -76 30 23 36 21 25 221 -33 111 -34 11 -9 -10 -8 -1 -2 -4 -5 -14 -15 -7 -12 -13 -11 -65 -66 -72 -18 -19 -77 -78 -79 -23  }<hdr>{  }</hdr></items></format><options><beep>on</beep><hdr>normal</hdr><rem>normal</rem><stab>no</stab><stats>no<mean>no</mean><file>no</file><period>15</period></stats><excel>yes</excel><controls>yes</controls><comm>no</comm></options><datafile>"/User/RO_053014_rr12_c216c"</datafile><button><action>"Normal Log"<code>" LogOneObsManual "</code></action></button><autoprog>"/User/Configs/AutoProgs/AutoLog2"<active>no</active></autoprog></log></open>
<open><a2d><avgtime>4.0 secs</avgtime><userchans><ch20>"Off"</ch20><ch21>"Off"</ch21><ch22>"Off"</ch22><ch23>"Off"</ch23></userchans></a2d></open>
<open><matching><type>0</type><disp>'a'</disp><settings><CO2Limit>10.0</CO2Limit><H2OLimit>1.0</H2OLimit><MaxAutoTime>60</MaxAutoTime></settings></matching></open>
<li6400><factory><unit>"PSC-3883"</unit><serviced>"1 Aug 2013"</serviced><fuseaware>0</fuseaware><co2mixer>yes</co2mixer><co2><coeffs>{ 0 0.215475 2.07669e-05 2.37753e-08 -4.7091e-12 4.61736e-16  }</coeffs><dvdt>-3</dvdt><xs>{ 0.0009 1e-04  }</xs></co2><h2o><coeffs>{ 0 0.00566209 2.39758e-06 -1.57101e-11  }</coeffs><dvdt>-1.8</dvdt><xs>{ -0.0021 0.0003  }</xs></h2o><flow>{ 0 0.3625  }</flow><press>{ 88.784 0.00552  }</press></factory></li6400>
<li6400><user><flow_zero>272.9</flow_zero><irga_zero><co2>155.9 312.0<at>27.0656</at></co2><h2o>77.8 155.9<at>20.5456</at></h2o></irga_zero><irga_span><co2>{ 0.990299 0.992024  }</co2><h2o>{ 0.996398 0.991366  }</h2o></irga_span><irga_match><co2>{ -0.525781 42.3176  }</co2><h2o>{ -0.0204901 1.13748  }</h2o></irga_match><co2_mixer><pump_mv>4500</pump_mv><ppm>{ 2334.38 1081.1 414.071 247.233 109.73 62.0536 42.4298 42.5346  }</ppm><mv>{ 5000 3000 1500 1000 500 300 200 100  }</mv></co2_mixer><parin_offset>0</parin_offset><led_cal><unit>"SI-3815"</unit><mv>{ 10 25 50 100 1000 2000 3000 4000 5000  }</mv><qntm>{ 5.11316 15.7138 35.4662 78.9337 952.359 1887.64 2772.82 3623.26 4236.5  }</qntm></led_cal><lcf_cal><unit>"LCF-1868"</unit><red><mv>{ 50 100 200 400 800 1500  }</mv><qntm>{ 83.3499 173.558 363.699 759.124 1568.31 2974.4  }</qntm></red><blue><mv>{ 100 500 1000 2000 3000 4000 5000  }</mv><qntm>{ 9.12114 42.0188 78.7105 139.161 193.231 240.768 280.025  }</qntm></blue></lcf_cal></user></li6400>
"10:59:15 "
$STARTOFDATA$
"Obs"	"HHMMSS"	"FTime"	"EBal?"	"Photo"	"Cond"	"Ci"	"Trmmol"	"VpdL"	"CTleaf"	"Area"	"BLC_1"	"StmRat"	"BLCond"	"Tair"	"Tleaf"	"TBlk"	"CO2R"	"CO2S"	"H2OR"	"H2OS"	"RH_R"	"RH_S"	"Flow"	"PARi"	"PARo"	"Press"	"CsMch"	"HsMch"	"StableF"	"BLCslope"	"BLCoffst"	"f_parin"	"f_parout"	"alphaK"	"Status"
"10:59:16 Launched AutoProg /User/Configs/AutoProgs/AutoLog2"
"10:59:17 Lamp: ParIn ->  2000 uml"
"10:59:17 CO2 Mixer: CO2R -> 400 uml"
"10:59:17 Coolers: Off"
"10:59:17 Flow: Fixed -> 400 umol/s"
1	"10:59:22"	38.0	1	8.92	-0.0299	832	-0.982	2.71	34.36	4.6	1.73	1	3.46	30.77	30.76	30.77	400.45	390.63	32.462	31.368	63.71	61.56	399.9	2000	0	87.38	42.3	1.14	0.3	-0.22	2.74	1.00	0.00	0.16	111115
2	"10:59:27"	43.0	1	8.98	-0.0277	872	-0.905	2.69	34.34	4.6	1.73	1	3.46	30.78	30.77	30.78	400.50	390.58	32.488	31.480	63.72	61.74	399.9	2000	0	87.38	42.3	1.14	0.7	-0.22	2.74	1.00	0.00	0.16	111115
3	"10:59:32"	48.0	1	9.12	-0.0243	952	-0.784	2.67	34.29	4.6	1.73	1	3.46	30.79	30.78	30.79	400.48	390.34	32.507	31.633	63.72	62.01	399.8	1999	0	87.38	42.3	1.14	0.7	-0.22	2.74	1.00	0.00	0.16	111115
4	"10:59:38"	53.5	1	9.22	-0.0269	901	-0.878	2.69	34.35	4.6	1.73	1	3.46	30.81	30.80	30.80	400.56	390.35	32.537	31.559	63.71	61.79	399.8	1999	0	87.38	42.3	1.14	0.7	-0.22	2.74	1.00	0.00	0.16	111115
5	"10:59:43"	58.5	1	8.86	-0.0197	1.07E+03	-0.628	2.63	34.25	4.6	1.73	1	3.46	30.81	30.81	30.82	400.51	390.60	32.566	31.866	63.76	62.39	399.8	1999	0	87.38	42.3	1.14	1.0	-0.22	2.74	1.00	0.00	0.16	111115
6	"10:59:48"	63.5	1	8.84	-0.0105	1.68E+03	-0.324	2.57	34.13	4.6	1.73	1	3.46	30.83	30.82	30.83	400.47	390.45	32.589	32.228	63.74	63.03	399.9	2000	0	87.38	42.3	1.14	0.3	-0.22	2.74	1.00	0.00	0.16	111115
7	"10:59:53"	69.0	1	8.79	-0.00983	1.76E+03	-0.304	2.56	34.14	4.6	1.73	1	3.46	30.84	30.84	30.84	400.47	390.50	32.625	32.287	63.77	63.11	399.9	2000	0	87.38	42.3	1.14	0.7	-0.22	2.74	1.00	0.00	0.16	111115
8	"10:59:58"	74.0	1	8.56	-0.00943	1.79E+03	-0.291	2.56	34.15	4.6	1.73	1	3.46	30.86	30.85	30.85	400.42	390.71	32.649	32.325	63.74	63.11	399.9	2000	0	87.38	42.3	1.14	0.7	-0.22	2.74	1.00	0.00	0.16	111115
9	"11:00:03"	79.0	1	8.44	-0.0106	1.61E+03	-0.33	2.57	34.18	4.6	1.73	1	3.46	30.87	30.87	30.87	400.50	390.94	32.681	32.314	63.77	63.05	399.8	1999	0	87.38	42.3	1.14	0.7	-0.22	2.74	1.00	0.00	0.16	111115
10	"11:00:09"	84.5	1	8.38	-0.0128	1.39E+03	-0.399	2.59	34.22	4.6	1.73	1	3.46	30.89	30.88	30.88	400.58	391.12	32.710	32.266	63.75	62.89	399.9	1999	0	87.38	42.3	1.14	0.7	-0.22	2.74	1.00	0.00	0.16	111115
11	"11:00:14"	89.5	1	8.13	-0.0138	1.29E+03	-0.433	2.6	34.25	4.6	1.73	1	3.46	30.90	30.89	30.89	400.40	391.24	32.732	32.250	63.76	62.82	399.8	1999	0	87.38	42.3	1.14	0.7	-0.22	2.74	1.00	0.00	0.16	111115
12	"11:00:19"	94.5	1	8.14	-0.0161	1.16E+03	-0.508	2.62	34.29	4.6	1.73	1	3.46	30.91	30.90	30.90	400.48	391.34	32.762	32.196	63.78	62.68	399.9	1999	0	87.38	42.3	1.14	0.7	-0.22	2.74	1.00	0.00	0.16	111115
13	"11:00:24"	100.0	1	8.05	-0.0138	1.28E+03	-0.433	2.6	34.27	4.6	1.73	1	3.46	30.92	30.91	30.91	400.34	391.27	32.793	32.311	63.81	62.87	399.9	1999	0	87.38	42.3	1.14	0.7	-0.22	2.74	1.00	0.00	0.16	111115
14	"11:00:29"	105.0	1	8.38	-0.00876	1.86E+03	-0.27	2.56	34.21	4.6	1.73	1	3.46	30.93	30.92	30.92	400.43	390.91	32.821	32.520	63.82	63.24	399.9	1999	0	87.38	42.3	1.14	0.3	-0.22	2.74	1.00	0.00	0.16	111115
15	"11:00:34"	110.0	1	8.32	-0.00842	1.91E+03	-0.26	2.56	34.21	4.6	1.73	1	3.46	30.94	30.93	30.93	400.45	391.00	32.852	32.563	63.85	63.29	399.9	1999	0	87.38	42.3	1.14	0.3	-0.22	2.74	1.00	0.00	0.16	111115
16	"11:00:40"	115.5	1	8.34	-0.0117	1.49E+03	-0.363	2.59	34.27	4.6	1.73	1	3.46	30.95	30.94	30.94	400.47	391.04	32.887	32.483	63.88	63.10	399.9	1999	0	87.38	42.3	1.14	1.0	-0.22	2.74	1.00	0.00	0.16	111115
17	"11:00:45"	120.5	1	8.22	-0.0142	1.27E+03	-0.446	2.61	34.32	4.6	1.73	1	3.46	30.96	30.96	30.95	400.46	391.20	32.920	32.423	63.91	62.94	399.8	1999	0	87.38	42.3	1.14	1.0	-0.22	2.74	1.00	0.00	0.16	111115
18	"11:00:50"	125.5	1	8.18	-0.0148	1.23E+03	-0.467	2.61	34.33	4.6	1.73	1	3.46	30.97	30.96	30.96	400.43	391.23	32.944	32.424	63.92	62.91	399.9	1999	0	87.38	42.3	1.14	0.7	-0.22	2.74	1.00	0.00	0.16	111115
19	"11:00:55"	131.0	1	8.18	-0.0138	1.29E+03	-0.434	2.6	34.33	4.6	1.73	1	3.46	30.98	30.97	30.97	400.45	391.23	32.974	32.491	63.94	63.00	399.8	1999	0	87.38	42.3	1.14	1.0	-0.22	2.74	1.00	0.00	0.16	111115
20	"11:01:00"	136.0	1	8.12	-0.0173	1.1E+03	-0.551	2.63	34.39	4.6	1.73	1	3.46	30.99	30.98	30.98	400.46	391.36	33.001	32.388	63.96	62.77	399.8	2000	0	87.38	42.3	1.14	1.0	-0.22	2.74	1.00	0.00	0.16	111115
21	"11:01:05"	141.0	1	8.06	-0.0187	1.04E+03	-0.597	2.64	34.42	4.6	1.73	1	3.46	31.00	30.99	30.99	400.42	391.42	33.028	32.363	63.97	62.68	399.8	2000	0	87.38	42.3	1.14	1.0	-0.22	2.74	1.00	0.00	0.16	111115
22	"11:01:11"	146.5	1	8.03	-0.0185	1.05E+03	-0.591	2.64	34.43	4.6	1.73	1	3.46	31.01	31.00	31.00	400.47	391.50	33.053	32.395	63.98	62.71	399.8	2000	0	87.38	42.3	1.14	1.0	-0.22	2.74	1.00	0.00	0.16	111115
23	"11:01:16"	151.5	1	8.02	-0.0171	1.1E+03	-0.545	2.63	34.42	4.6	1.73	1	3.46	31.02	31.01	31.01	400.37	391.39	33.078	32.472	64.00	62.82	399.9	2001	0	87.38	42.3	1.14	1.0	-0.22	2.74	1.00	0.00	0.16	111115
24	"11:01:21"	156.5	1	8.28	-0.017	1.13E+03	-0.539	2.63	34.43	4.6	1.73	1	3.46	31.03	31.02	31.02	400.51	391.23	33.100	32.500	64.00	62.84	399.8	2001	0	87.38	42.3	1.14	1.0	-0.22	2.74	1.00	0.00	0.16	111115
25	"11:01:26"	162.0	1	8.48	-0.0167	1.16E+03	-0.529	2.63	34.43	4.6	1.73	1	3.46	31.03	31.03	31.02	400.47	390.95	33.129	32.540	64.06	62.92	399.9	2001	0	87.38	42.3	1.14	0.7	-0.22	2.74	1.00	0.00	0.16	111115
26	"11:01:31"	167.0	1	8.35	-0.0159	1.19E+03	-0.505	2.63	34.43	4.6	1.73	1	3.46	31.04	31.04	31.03	400.33	390.95	33.154	32.592	64.07	62.98	399.9	2001	0	87.38	42.3	1.14	0.7	-0.22	2.74	1.00	0.00	0.16	111115
27	"11:01:36"	172.0	1	8.62	-0.0148	1.28E+03	-0.466	2.61	34.41	4.6	1.73	1	3.46	31.05	31.04	31.04	400.41	390.70	33.177	32.658	64.08	63.07	399.9	2000	0	87.38	42.3	1.14	0.7	-0.22	2.74	1.00	0.00	0.16	111115
28	"11:01:42"	177.5	1	8.56	-0.0144	1.3E+03	-0.454	2.61	34.42	4.6	1.73	1	3.46	31.06	31.05	31.05	400.36	390.71	33.205	32.700	64.09	63.12	399.8	2001	0	87.38	42.3	1.14	0.7	-0.22	2.74	1.00	0.00	0.16	111115
29	"11:01:47"	182.5	1	8.55	-0.0156	1.22E+03	-0.495	2.62	34.45	4.6	1.73	1	3.46	31.06	31.06	31.05	400.36	390.75	33.232	32.681	64.15	63.08	399.9	2001	0	87.38	42.3	1.14	1.0	-0.22	2.74	1.00	0.00	0.16	111115
30	"11:01:52"	187.5	1	8.58	-0.0146	1.28E+03	-0.462	2.62	34.44	4.6	1.73	1	3.46	31.07	31.07	31.06	400.40	390.74	33.258	32.744	64.16	63.17	399.8	2001	0	87.38	42.3	1.14	1.0	-0.22	2.74	1.00	0.00	0.16	111115
31	"11:01:57"	193.0	1	8.59	-0.0164	1.18E+03	-0.521	2.63	34.48	4.6	1.73	1	3.46	31.08	31.08	31.07	400.40	390.75	33.288	32.708	64.18	63.06	399.9	2000	0	87.38	42.3	1.14	1.0	-0.22	2.74	1.00	0.00	0.16	111115
32	"11:02:02"	198.0	1	8.65	-0.0179	1.12E+03	-0.571	2.64	34.50	4.6	1.73	1	3.46	31.08	31.08	31.08	400.42	390.72	33.314	32.678	64.23	63.01	399.8	2000	0	87.38	42.3	1.14	1.0	-0.22	2.74	1.00	0.00	0.16	111115
33	"11:02:07"	203.0	1	8.71	-0.0183	1.11E+03	-0.584	2.64	34.51	4.6	1.73	1	3.46	31.09	31.09	31.08	400.46	390.70	33.344	32.694	64.25	63.00	399.9	2000	0	87.38	42.3	1.14	1.0	-0.22	2.74	1.00	0.00	0.16	111115
34	"11:02:13"	208.5	1	8.59	-0.0193	1.06E+03	-0.617	2.65	34.53	4.6	1.73	1	3.46	31.09	31.09	31.09	400.32	390.72	33.375	32.688	64.31	62.99	399.9	2000	0	87.38	42.3	1.14	1.0	-0.22	2.74	1.00	0.00	0.16	111115
35	"11:02:18"	213.5	1	8.6	-0.0177	1.12E+03	-0.564	2.64	34.52	4.6	1.73	1	3.46	31.09	31.10	31.09	400.17	390.53	33.403	32.775	64.37	63.16	399.9	2001	0	87.38	42.3	1.14	1.0	-0.22	2.74	1.00	0.00	0.16	111115
36	"11:02:23"	218.5	1	8.88	-0.0143	1.34E+03	-0.449	2.61	34.47	4.6	1.73	1	3.46	31.10	31.10	31.09	400.32	390.31	33.434	32.934	64.39	63.43	399.9	2001	0	87.38	42.3	1.14	0.3	-0.22	2.74	1.00	0.00	0.16	111115
37	"11:02:28"	224.0	1	9.06	-0.0153	1.29E+03	-0.481	2.61	34.48	4.6	1.73	1	3.46	31.10	31.10	31.09	400.24	390.03	33.461	32.926	64.44	63.41	399.8	2001	0	87.38	42.3	1.14	0.3	-0.22	2.74	1.00	0.00	0.16	111115
38	"11:02:33"	229.0	1	9.26	-0.0163	1.25E+03	-0.517	2.62	34.51	4.6	1.73	1	3.46	31.10	31.11	31.10	400.26	389.84	33.492	32.917	64.50	63.39	399.9	2001	0	87.38	42.3	1.14	0.7	-0.22	2.74	1.00	0.00	0.16	111115
39	"11:02:38"	234.0	1	9.01	-0.0187	1.12E+03	-0.595	2.63	34.54	4.6	1.73	1	3.46	31.11	31.11	31.11	400.33	390.23	33.524	32.862	64.53	63.25	399.9	2001	0	87.38	42.3	1.14	1.0	-0.22	2.74	1.00	0.00	0.16	111115
40	"11:02:44"	239.5	1	8.88	-0.018	1.14E+03	-0.573	2.63	34.54	4.6	1.73	1	3.46	31.11	31.12	31.11	400.20	390.24	33.552	32.914	64.58	63.35	399.8	2001	0	87.38	42.3	1.14	0.7	-0.22	2.74	1.00	0.00	0.16	111115
"11:02:45 Lamp: ParIn ->  2000 uml"
"11:02:45 CO2 Mixer: CO2R -> 400 uml"
"11:02:45 Coolers: Off"
"11:02:45 Flow: Fixed -> 400 umol/s"
