"OPEN 5.3.2"
"Mon Jul 11 2011 15:16:18"
"Unit="	"PSC-1570"
"LCF="	"LCF-0398"
"LCFCals="	" -1.56 -1.57  0.00"
"ComputeList="	"/User/Configs/Comps/Std Flr Comp"
"BLCTable="	"/Sys/Lib/BLCTable_LCF"
"LightSource="	"6400-40 LCF"	1	0.16
"LogFormat="	"/User/Configs/LogFormats/Std Flr Log"
"LogCodes="	-35	-21	-36	30	23	36	-86	-88	-87	-89	-90	4202	4211	4212	4213	4206	4205	-81	4207	4215	4216	4220	4221	-96	4222	4223	21	25	-33	-34	-32	-9	-10	-8	-1	-2	-4	-5	-14	-15	-7	-12	-13	-11	-65	-66	-72	-23
"PromptList="	"/User/Configs/Prompts/Default (none)"
"Stability= (Photo 20s SLP<0.5)(Cond 20s SLP<0.01)(H2OS 20s SLP<1)(F 20s SLP<1)"
"15:16:18 "
$STARTOFDATA$
"Obs"	"HHMMSS"	"FTime"	"Photo"	"Cond"	"Ci"	"Fo"	"Fm"	"Fo'"	"Fm'"	"Fs"	"Fv/Fm"	"Fv'/Fm'"	"PhiPS2"	"Adark"	"RedAbs"	"BlueAbs"	"%Blue"	"LeafAbs"	"PhiCO2"	"qP"	"qN"	"NPQ"	"ParIn@Fs"	"PS2/1"	"ETR"	"Trmmol"	"VpdL"	"Area"	"StmRat"	"BLCond"	"Tair"	"Tleaf"	"TBlk"	"CO2R"	"CO2S"	"H2OR"	"H2OS"	"RH_R"	"RH_S"	"Flow"	"PARi"	"PARo"	"Press"	"CsMch"	"HsMch"	"StableF"	"Status"
1	"15:16:26"	14.5	28.3	0.201	138	0.0	0.0	0.0	0.0	0.0	0.000	0.000	0.000	-1	0.850	0.850	0	0.850	0.017	0.000	0.000	0.000	0.0	0.5	0.000	10.9	4.97	1.22	1	11.4	44.57	43.04	44.33	399.86	389.92	35.665	38.865	36.39	39.66	399.9	2069	137	96.2	15.6	-0.0943	0.2	111115
2	"15:16:31"	19.5	26.9	0.199	148	0.0	0.0	0.0	0.0	0.0	0.000	0.000	0.000	-1	0.850	0.850	0	0.850	0.016	0.000	0.000	0.000	0.0	0.5	0.000	10.8	4.97	1.22	1	11.4	44.57	43.04	44.31	399.62	390.14	35.696	38.864	36.43	39.66	399.9	2006	137	96.2	15.6	-0.0943	0.2	111115
3	"15:16:36"	25.0	25.5	0.199	158	0.0	0.0	0.0	0.0	0.0	0.000	0.000	0.000	-1	0.850	0.850	0	0.850	0.016	0.000	0.000	0.000	0.0	0.5	0.000	10.8	4.95	1.22	1	11.4	44.56	43.01	44.30	399.55	390.50	35.710	38.864	36.45	39.67	399.9	1999	141	96.2	15.6	-0.0943	0.2	111115
4	"15:16:41"	30.0	26.3	0.197	149	0.0	0.0	0.0	0.0	0.0	0.000	0.000	0.000	-1	0.850	0.850	0	0.850	0.016	0.000	0.000	0.000	0.0	0.5	0.000	10.6	4.95	1.22	1	11.4	44.56	43.00	44.30	399.80	390.50	35.732	38.851	36.48	39.67	399.9	1999	135	96.2	15.6	-0.0943	0.2	111115
5	"15:16:46"	35.0	25.4	0.196	156	0.0	0.0	0.0	0.0	0.0	0.000	0.000	0.000	-1	0.850	0.850	0	0.850	0.016	0.000	0.000	0.000	0.0	0.5	0.000	10.6	4.96	1.22	1	11.4	44.55	43.01	44.29	399.75	390.74	35.743	38.855	36.51	39.68	399.9	1999	134	96.2	15.6	-0.0943	0.2	111115
6	"15:16:51"	40.0	24	0.194	166	0.0	0.0	0.0	0.0	0.0	0.000	0.000	0.000	-1	0.850	0.850	0	0.850	0.015	0.000	0.000	0.000	0.0	0.5	0.000	10.5	4.95	1.22	1	11.4	44.55	43.00	44.28	399.46	390.88	35.782	38.863	36.56	39.70	399.9	1999	135	96.2	15.6	-0.0943	0.2	111115
7	"15:16:56"	45.0	24.9	0.196	160	0.0	0.0	0.0	0.0	0.0	0.000	0.000	0.000	-1	0.850	0.850	0	0.850	0.015	0.000	0.000	0.000	0.0	0.5	0.000	10.6	4.94	1.22	1	11.4	44.54	42.98	44.27	399.70	390.85	35.787	38.881	36.57	39.74	399.9	1999	133	96.2	15.6	-0.0943	0.2	111115
8	"15:17:01"	50.0	24.9	0.194	158	0.0	0.0	0.0	0.0	0.0	0.000	0.000	0.000	-1	0.850	0.850	0	0.850	0.015	0.000	0.000	0.000	0.0	0.5	0.000	10.5	4.94	1.22	1	11.4	44.54	42.99	44.26	399.73	390.88	35.812	38.884	36.61	39.75	399.9	1999	132	96.2	15.6	-0.0943	0.5	111115
9	"15:17:06"	55.0	25.3	0.194	155	0.0	0.0	0.0	0.0	0.0	0.000	0.000	0.000	-1	0.850	0.850	0	0.850	0.016	0.000	0.000	0.000	0.0	0.5	0.000	10.5	4.94	1.22	1	11.4	44.53	42.98	44.25	399.80	390.82	35.824	38.898	36.64	39.78	399.9	1999	132	96.2	15.6	-0.0943	0.8	111115
10	"15:17:11"	60.0	24.3	0.193	163	0.0	0.0	0.0	0.0	0.0	0.000	0.000	0.000	-1	0.850	0.850	0	0.850	0.015	0.000	0.000	0.000	0.0	0.5	0.000	10.4	4.94	1.22	1	11.4	44.52	42.98	44.24	399.55	390.90	35.848	38.906	36.67	39.80	399.9	1999	131	96.2	15.6	-0.0943	0.5	111115
11	"15:17:16"	65.0	25.1	0.193	156	0.0	0.0	0.0	0.0	0.0	0.000	0.000	0.000	-1	0.850	0.850	0	0.850	0.015	0.000	0.000	0.000	0.0	0.5	0.000	10.4	4.93	1.22	1	11.4	44.51	42.98	44.23	399.69	390.79	35.867	38.922	36.71	39.84	399.9	1998	130	96.2	15.6	-0.0943	0.8	111115
12	"15:17:21"	70.0	24	0.193	165	0.0	0.0	0.0	0.0	0.0	0.000	0.000	0.000	-1	0.850	0.850	0	0.850	0.015	0.000	0.000	0.000	0.0	0.5	0.000	10.4	4.93	1.22	1	11.4	44.51	42.97	44.23	399.48	390.91	35.883	38.936	36.74	39.87	399.9	1999	129	96.2	15.6	-0.0943	0.5	111115
13	"15:17:26"	75.0	25.2	0.194	156	0.0	0.0	0.0	0.0	0.0	0.000	0.000	0.000	-1	0.850	0.850	0	0.850	0.015	0.000	0.000	0.000	0.0	0.5	0.000	10.4	4.93	1.22	1	11.4	44.50	42.97	44.22	399.78	390.85	35.889	38.949	36.76	39.89	399.9	1998	132	96.2	15.6	-0.0943	0.5	111115
14	"15:17:31"	80.0	24.4	0.193	162	0.0	0.0	0.0	0.0	0.0	0.000	0.000	0.000	-1	0.850	0.850	0	0.850	0.015	0.000	0.000	0.000	0.0	0.5	0.000	10.4	4.92	1.22	1	11.4	44.49	42.97	44.21	399.68	390.99	35.916	38.965	36.80	39.92	399.9	1998	130	96.2	15.6	-0.0943	0.5	111115
15	"15:17:36"	85.0	24.1	0.193	164	0.0	0.0	0.0	0.0	0.0	0.000	0.000	0.000	-1	0.850	0.850	0	0.850	0.015	0.000	0.000	0.000	0.0	0.5	0.000	10.4	4.92	1.22	1	11.4	44.49	42.95	44.20	399.61	391.01	35.933	38.972	36.83	39.94	399.9	1998	125	96.2	15.6	-0.0943	0.5	111115
16	"15:17:41"	90.0	24.4	0.192	160	0.0	0.0	0.0	0.0	0.0	0.000	0.000	0.000	-1	0.850	0.850	0	0.850	0.015	0.000	0.000	0.000	0.0	0.5	0.000	10.3	4.92	1.22	1	11.4	44.48	42.96	44.19	399.56	390.89	35.959	38.982	36.87	39.97	399.9	1999	128	96.2	15.6	-0.0943	0.5	111115
17	"15:17:46"	95.0	23.6	0.192	167	0.0	0.0	0.0	0.0	0.0	0.000	0.000	0.000	-1	0.850	0.850	0	0.850	0.014	0.000	0.000	0.000	0.0	0.5	0.000	10.3	4.92	1.22	1	11.4	44.47	42.97	44.18	399.40	390.96	35.972	39.001	36.90	40.01	399.9	1998	129	96.2	15.6	-0.0943	0.5	111115
18	"15:17:51"	100.0	23.4	0.192	168	0.0	0.0	0.0	0.0	0.0	0.000	0.000	0.000	-1	0.850	0.850	0	0.850	0.014	0.000	0.000	0.000	0.0	0.5	0.000	10.3	4.92	1.22	1	11.4	44.46	42.96	44.17	399.25	390.88	35.997	39.015	36.94	40.04	399.9	1998	128	96.2	15.6	-0.0943	0.5	111115
19	"15:17:56"	105.0	23.7	0.191	165	0.0	0.0	0.0	0.0	0.0	0.000	0.000	0.000	-1	0.850	0.850	0	0.850	0.015	0.000	0.000	0.000	0.0	0.5	0.000	10.3	4.92	1.22	1	11.4	44.45	42.97	44.17	399.24	390.79	36.016	39.029	36.97	40.07	399.9	1998	127	96.2	15.6	-0.0943	0.5	111115
20	"15:18:01"	110.0	23.4	0.191	167	0.0	0.0	0.0	0.0	0.0	0.000	0.000	0.000	-1	0.850	0.850	0	0.850	0.014	0.000	0.000	0.000	0.0	0.5	0.000	10.2	4.92	1.22	1	11.4	44.45	42.96	44.15	399.05	390.68	36.034	39.038	37.01	40.09	399.9	1998	126	96.2	15.6	-0.0943	0.5	111115
21	"15:18:06"	115.0	22.6	0.191	174	0.0	0.0	0.0	0.0	0.0	0.000	0.000	0.000	-1	0.850	0.850	0	0.850	0.014	0.000	0.000	0.000	0.0	0.5	0.000	10.3	4.91	1.22	1	11.4	44.44	42.95	44.14	398.70	390.59	36.050	39.058	37.04	40.13	399.9	1998	125	96.2	15.6	-0.0943	0.5	111115
22	"15:18:11"	120.0	22.5	0.19	174	0.0	0.0	0.0	0.0	0.0	0.000	0.000	0.000	-1	0.850	0.850	0	0.850	0.014	0.000	0.000	0.000	0.0	0.5	0.000	10.2	4.91	1.22	1	11.4	44.43	42.95	44.14	398.42	390.34	36.075	39.069	37.08	40.15	399.9	2001	125	96.2	15.6	-0.0943	0.5	111115
23	"15:18:16"	125.0	22.4	0.192	175	0.0	0.0	0.0	0.0	0.0	0.000	0.000	0.000	-1	0.850	0.850	0	0.850	0.014	0.000	0.000	0.000	0.0	0.5	0.000	10.3	4.91	1.22	1	11.4	44.42	42.95	44.13	398.10	390.04	36.077	39.089	37.09	40.19	399.9	2001	124	96.2	15.6	-0.0943	0.5	111115
24	"15:18:21"	130.0	22	0.19	178	0.0	0.0	0.0	0.0	0.0	0.000	0.000	0.000	-1	0.850	0.850	0	0.850	0.014	0.000	0.000	0.000	0.0	0.5	0.000	10.2	4.91	1.22	1	11.4	44.42	42.95	44.12	397.81	389.89	36.109	39.098	37.14	40.22	399.9	2001	124	96.2	15.6	-0.0943	0.5	111115
