"OPEN 5.3.2"
"Mon Jul 11 2011 13:18:49"
"Unit="	"PSC-1512"
"LCF="	"LCF-0428"
"LCFCals="	" -1.94 -2.02-2862.00"
"ComputeList="	"/User/Configs/Comps/Std Flr Comp"
"BLCTable="	"/Sys/Lib/BLCTable_LCF"
"LightSource="	"6400-40 LCF"	1	0.16
"LogFormat="	"/User/Configs/LogFormats/Std Flr Log"
"LogCodes="	-35	-21	-36	30	23	36	-86	-88	-87	-89	-90	4202	4211	4212	4213	4206	4205	-81	4207	4215	4216	4220	4221	-96	4222	4223	21	25	-33	-34	-32	-9	-10	-8	-1	-2	-4	-5	-14	-15	-7	-12	-13	-11	-65	-66	-72	-23
"PromptList="	"/User/Configs/Prompts/Default (none)"
"Stability= (Photo 20s SLP<0.5)(Cond 20s SLP<0.01)(H2OS 20s SLP<1)(F 20s SLP<1)"
"13:18:49 "
$STARTOFDATA$
"Obs"	"HHMMSS"	"FTime"	"Photo"	"Cond"	"Ci"	"Fo"	"Fm"	"Fo'"	"Fm'"	"Fs"	"Fv/Fm"	"Fv'/Fm'"	"PhiPS2"	"Adark"	"RedAbs"	"BlueAbs"	"%Blue"	"LeafAbs"	"PhiCO2"	"qP"	"qN"	"NPQ"	"ParIn@Fs"	"PS2/1"	"ETR"	"Trmmol"	"VpdL"	"Area"	"StmRat"	"BLCond"	"Tair"	"Tleaf"	"TBlk"	"CO2R"	"CO2S"	"H2OR"	"H2OS"	"RH_R"	"RH_S"	"Flow"	"PARi"	"PARo"	"Press"	"CsMch"	"HsMch"	"StableF"	"Status"
1	"13:18:56"	13.0	18	0.151	180	0.0	0.0	0.0	0.0	0.0	0.000	0.000	0.000	-1	0.850	0.850	9	0.850	0.012	0.000	0.000	0.000	0.0	0.5	0.000	7.01	4.31	1.08	1	11.8	42.45	41.18	41.95	400.29	394.69	34.968	36.791	40.34	42.44	400.0	1932	226	97.35	-3.45	-0.663	0.0	111115
2	"13:19:01"	18.5	12.2	0.133	224	0.0	0.0	0.0	0.0	0.0	0.000	0.000	0.000	-1	0.850	0.850	9	0.850	0.008	0.000	0.000	0.000	0.0	0.5	0.000	6.23	4.34	1.08	1	11.8	42.47	41.20	41.96	400.27	396.31	35.006	36.624	40.33	42.20	400.4	1990	218	97.35	-3.45	-0.663	0.0	111115
3	"13:19:06"	23.5	9.48	0.124	249	0.0	0.0	0.0	0.0	0.0	0.000	0.000	0.000	-1	0.850	0.850	9	0.850	0.006	0.000	0.000	0.000	0.0	0.5	0.000	5.82	4.36	1.08	1	11.8	42.48	41.23	41.97	400.24	397.05	35.040	36.554	40.35	42.09	399.6	1994	218	97.35	-3.45	-0.663	0.0	111115
4	"13:19:12"	29.0	8.41	0.117	257	0.0	0.0	0.0	0.0	0.0	0.000	0.000	0.000	-1	0.850	0.850	9	0.850	0.006	0.000	0.000	0.000	0.0	0.5	0.000	5.54	4.37	1.08	1	11.8	42.49	41.25	41.98	400.28	397.42	35.071	36.513	40.36	42.02	400.1	1993	233	97.35	-3.45	-0.663	0.0	111115
5	"13:19:17"	34.5	8.99	0.112	244	0.0	0.0	0.0	0.0	0.0	0.000	0.000	0.000	-1	0.850	0.850	9	0.850	0.006	0.000	0.000	0.000	0.0	0.5	0.000	5.29	4.38	1.08	1	11.8	42.50	41.27	41.98	400.79	397.80	35.137	36.513	40.41	41.99	400.2	1993	241	97.35	-3.45	-0.663	0.2	111115
6	"13:19:23"	40.0	6.92	0.11	271	0.0	0.0	0.0	0.0	0.0	0.000	0.000	0.000	-1	0.850	0.850	9	0.850	0.005	0.000	0.000	0.000	0.0	0.5	0.000	5.2	4.38	1.08	1	11.8	42.52	41.27	42.00	400.34	397.92	35.175	36.528	40.43	41.98	400.1	1993	242	97.35	-3.45	-0.663	0.2	111115
7	"13:19:28"	45.5	6.31	0.109	279	0.0	0.0	0.0	0.0	0.0	0.000	0.000	0.000	-1	0.850	0.850	9	0.850	0.004	0.000	0.000	0.000	0.0	0.5	0.000	5.18	4.37	1.08	1	11.8	42.53	41.27	42.01	400.13	397.87	35.198	36.545	40.43	41.98	400.1	1993	243	97.35	-3.45	-0.663	0.2	111115
8	"13:19:34"	50.5	7.29	0.108	264	0.0	0.0	0.0	0.0	0.0	0.000	0.000	0.000	-1	0.850	0.850	9	0.850	0.005	0.000	0.000	0.000	0.0	0.5	0.000	5.12	4.37	1.08	1	11.8	42.53	41.26	42.01	400.37	397.85	35.237	36.568	40.46	41.99	400.1	1993	246	97.35	-3.45	-0.663	0.2	111115
9	"13:19:39"	56.0	7.11	0.108	266	0.0	0.0	0.0	0.0	0.0	0.000	0.000	0.000	-1	0.850	0.850	9	0.850	0.005	0.000	0.000	0.000	0.0	0.5	0.000	5.11	4.37	1.08	1	11.8	42.54	41.28	42.02	400.25	397.79	35.274	36.602	40.48	42.00	400.1	1993	245	97.35	-3.45	-0.663	0.2	111115
10	"13:19:44"	61.5	8	0.107	252	0.0	0.0	0.0	0.0	0.0	0.000	0.000	0.000	-1	0.850	0.850	9	0.850	0.005	0.000	0.000	0.000	0.0	0.5	0.000	5.05	4.37	1.08	1	11.8	42.55	41.28	42.03	400.45	397.75	35.323	36.638	40.52	42.02	400.1	1993	250	97.35	-3.45	-0.663	0.2	111115
11	"13:19:50"	67.0	6.36	0.105	275	0.0	0.0	0.0	0.0	0.0	0.000	0.000	0.000	-1	0.850	0.850	9	0.850	0.004	0.000	0.000	0.000	0.0	0.5	0.000	4.98	4.37	1.08	1	11.8	42.56	41.29	42.04	399.98	397.73	35.373	36.667	40.55	42.03	400.1	1993	251	97.35	-3.45	-0.663	0.2	111115
12	"13:19:55"	72.0	7.77	0.105	253	0.0	0.0	0.0	0.0	0.0	0.000	0.000	0.000	-1	0.850	0.850	9	0.850	0.005	0.000	0.000	0.000	0.0	0.5	0.000	4.96	4.38	1.08	1	11.8	42.57	41.32	42.05	400.28	397.65	35.415	36.704	40.58	42.06	400.1	1993	251	97.35	-3.45	-0.663	0.5	111115
13	"13:20:00"	77.5	6.8	0.104	267	0.0	0.0	0.0	0.0	0.0	0.000	0.000	0.000	-1	0.850	0.850	9	0.850	0.005	0.000	0.000	0.000	0.0	0.5	0.000	4.93	4.38	1.08	1	11.8	42.58	41.32	42.06	400.08	397.71	35.457	36.739	40.61	42.08	400.1	1993	252	97.35	-3.45	-0.663	0.5	111115
14	"13:20:06"	83.0	6.79	0.105	268	0.0	0.0	0.0	0.0	0.0	0.000	0.000	0.000	-1	0.850	0.850	9	0.850	0.005	0.000	0.000	0.000	0.0	0.5	0.000	4.97	4.38	1.08	1	11.8	42.59	41.34	42.07	400.11	397.74	35.491	36.784	40.63	42.11	400.1	1992	253	97.35	-3.45	-0.663	0.8	111115
15	"13:20:11"	88.5	7.3	0.104	260	0.0	0.0	0.0	0.0	0.0	0.000	0.000	0.000	-1	0.850	0.850	9	0.850	0.005	0.000	0.000	0.000	0.0	0.5	0.000	4.94	4.38	1.08	1	11.8	42.60	41.34	42.08	400.21	397.71	35.540	36.826	40.66	42.13	400.1	1992	253	97.35	-3.45	-0.663	0.8	111115
16	"13:20:17"	93.5	7.37	0.104	258	0.0	0.0	0.0	0.0	0.0	0.000	0.000	0.000	-1	0.850	0.850	9	0.850	0.005	0.000	0.000	0.000	0.0	0.5	0.000	4.93	4.39	1.08	1	11.8	42.61	41.38	42.09	400.25	397.73	35.581	36.862	40.69	42.15	400.1	1992	254	97.35	-3.45	-0.663	0.5	111115
17	"13:20:22"	98.5	7.44	0.103	257	0.0	0.0	0.0	0.0	0.0	0.000	0.000	0.000	-1	0.850	0.850	9	0.850	0.005	0.000	0.000	0.000	0.0	0.5	0.000	4.91	4.39	1.08	1	11.8	42.62	41.38	42.09	400.34	397.80	35.632	36.908	40.72	42.18	400.1	1992	254	97.35	-3.45	-0.663	0.8	111115
18	"13:20:27"	104.5	7.24	0.104	260	0.0	0.0	0.0	0.0	0.0	0.000	0.000	0.000	-1	0.850	0.850	9	0.850	0.005	0.000	0.000	0.000	0.0	0.5	0.000	4.92	4.39	1.08	1	11.8	42.63	41.40	42.11	400.17	397.68	35.675	36.954	40.75	42.21	400.3	1992	254	97.35	-3.45	-0.663	0.8	111115
19	"13:20:32"	109.5	7.75	0.105	254	0.0	0.0	0.0	0.0	0.0	0.000	0.000	0.000	-1	0.850	0.850	9	0.850	0.005	0.000	0.000	0.000	0.0	0.5	0.000	4.97	4.39	1.08	1	11.8	42.65	41.40	42.11	400.34	397.71	35.708	37.001	40.76	42.24	399.8	1992	254	97.35	-3.45	-0.663	0.5	111115
20	"13:20:37"	114.5	7.36	0.103	258	0.0	0.0	0.0	0.0	0.0	0.000	0.000	0.000	-1	0.850	0.850	9	0.850	0.005	0.000	0.000	0.000	0.0	0.5	0.000	4.9	4.38	1.08	1	11.8	42.66	41.41	42.13	400.23	397.72	35.763	37.037	40.80	42.26	400.2	1992	253	97.35	-3.45	-0.663	0.5	111115
21	"13:20:43"	119.5	7.68	0.104	254	0.0	0.0	0.0	0.0	0.0	0.000	0.000	0.000	-1	0.850	0.850	9	0.850	0.005	0.000	0.000	0.000	0.0	0.5	0.000	4.95	4.39	1.08	1	11.8	42.67	41.43	42.14	400.21	397.61	35.799	37.087	40.82	42.29	400.1	1992	253	97.35	-3.45	-0.663	0.5	111115
22	"13:20:48"	125.0	7.58	0.106	257	0.0	0.0	0.0	0.0	0.0	0.000	0.000	0.000	-1	0.850	0.850	9	0.850	0.005	0.000	0.000	0.000	0.0	0.5	0.000	5.01	4.39	1.08	1	11.8	42.68	41.44	42.15	400.18	397.60	35.833	37.136	40.83	42.32	400.1	1992	253	97.35	-3.45	-0.663	0.5	111115
23	"13:20:53"	130.0	7.29	0.104	259	0.0	0.0	0.0	0.0	0.0	0.000	0.000	0.000	-1	0.850	0.850	9	0.850	0.005	0.000	0.000	0.000	0.0	0.5	0.000	4.94	4.38	1.08	1	11.8	42.69	41.44	42.16	400.07	397.57	35.888	37.172	40.87	42.34	400.1	1991	253	97.35	-3.45	-0.663	0.5	111115
24	"13:20:58"	135.5	7.84	0.105	252	0.0	0.0	0.0	0.0	0.0	0.000	0.000	0.000	-1	0.850	0.850	9	0.850	0.005	0.000	0.000	0.000	0.0	0.5	0.000	4.96	4.39	1.08	1	11.8	42.70	41.45	42.17	400.18	397.53	35.924	37.214	40.88	42.35	400.1	1995	253	97.35	-3.45	-0.663	0.8	111115
25	"13:21:04"	140.5	8.03	0.106	250	0.0	0.0	0.0	0.0	0.0	0.000	0.000	0.000	-1	0.850	0.850	9	0.850	0.005	0.000	0.000	0.000	0.0	0.5	0.000	5.02	4.38	1.08	1	11.8	42.71	41.46	42.18	400.20	397.49	35.967	37.271	40.91	42.39	400.1	1995	252	97.35	-3.45	-0.663	0.5	111115
26	"13:21:09"	146.0	8.14	0.106	249	0.0	0.0	0.0	0.0	0.0	0.000	0.000	0.000	-1	0.850	0.850	9	0.850	0.005	0.000	0.000	0.000	0.0	0.5	0.000	5.04	4.39	1.08	1	11.8	42.72	41.47	42.19	400.27	397.53	36.006	37.315	40.93	42.42	400.0	1995	252	97.35	-3.45	-0.663	0.5	111115
27	"13:21:14"	151.0	7.62	0.107	257	0.0	0.0	0.0	0.0	0.0	0.000	0.000	0.000	-1	0.850	0.850	9	0.850	0.005	0.000	0.000	0.000	0.0	0.5	0.000	5.06	4.38	1.08	1	11.8	42.74	41.47	42.20	400.13	397.53	36.045	37.359	40.95	42.44	400.1	1995	252	97.35	-3.45	-0.663	0.5	111115
28	"13:21:19"	156.5	8.34	0.106	246	0.0	0.0	0.0	0.0	0.0	0.000	0.000	0.000	-1	0.850	0.850	9	0.850	0.006	0.000	0.000	0.000	0.0	0.5	0.000	5.02	4.37	1.08	1	11.8	42.74	41.46	42.21	400.26	397.47	36.104	37.408	41.00	42.48	400.1	1995	234	97.34	-3.45	-0.663	0.8	111115
29	"13:21:25"	161.5	8.14	0.107	251	0.0	0.0	0.0	0.0	0.0	0.000	0.000	0.000	-1	0.850	0.850	9	0.850	0.005	0.000	0.000	0.000	0.0	0.5	0.000	5.07	4.36	1.08	1	11.8	42.75	41.45	42.22	400.20	397.46	36.139	37.456	41.02	42.51	400.1	1995	229	97.34	-3.45	-0.663	0.8	111115
30	"13:21:30"	166.5	7.7	0.108	257	0.0	0.0	0.0	0.0	0.0	0.000	0.000	0.000	-1	0.850	0.850	9	0.850	0.005	0.000	0.000	0.000	0.0	0.5	0.000	5.09	4.37	1.08	1	11.8	42.76	41.47	42.23	400.07	397.44	36.176	37.499	41.04	42.54	400.1	1995	239	97.35	-3.45	-0.663	0.8	111115
31	"13:21:35"	172.5	8.18	0.108	251	0.0	0.0	0.0	0.0	0.0	0.000	0.000	0.000	-1	0.850	0.850	9	0.850	0.005	0.000	0.000	0.000	0.0	0.5	0.000	5.11	4.36	1.08	1	11.8	42.77	41.47	42.24	400.10	397.35	36.218	37.545	41.06	42.57	400.0	1995	235	97.34	-3.45	-0.663	0.8	111115
32	"13:21:40"	177.5	8.06	0.108	252	0.0	0.0	0.0	0.0	0.0	0.000	0.000	0.000	-1	0.850	0.850	9	0.850	0.005	0.000	0.000	0.000	0.0	0.5	0.000	5.09	4.36	1.08	1	11.8	42.78	41.47	42.25	400.14	397.41	36.266	37.590	41.10	42.60	400.1	1995	241	97.34	-3.45	-0.663	0.5	111115
33	"13:21:45"	182.5	8.19	0.108	251	0.0	0.0	0.0	0.0	0.0	0.000	0.000	0.000	-1	0.850	0.850	9	0.850	0.005	0.000	0.000	0.000	0.0	0.5	0.000	5.11	4.36	1.08	1	11.8	42.79	41.48	42.26	400.22	397.46	36.301	37.629	41.12	42.62	400.1	1995	242	97.34	-3.45	-0.663	0.5	111115
34	"13:21:50"	187.5	7.96	0.108	254	0.0	0.0	0.0	0.0	0.0	0.000	0.000	0.000	-1	0.850	0.850	9	0.850	0.005	0.000	0.000	0.000	0.0	0.5	0.000	5.1	4.35	1.08	1	11.8	42.80	41.47	42.27	400.10	397.41	36.343	37.668	41.14	42.64	400.1	1995	248	97.34	-3.45	-0.663	1.0	111115
35	"13:21:55"	192.5	8.26	0.109	251	0.0	0.0	0.0	0.0	0.0	0.000	0.000	0.000	-1	0.850	0.850	9	0.850	0.005	0.000	0.000	0.000	0.0	0.5	0.000	5.14	4.35	1.08	1	11.8	42.81	41.49	42.28	400.19	397.41	36.381	37.716	41.16	42.67	400.1	1996	238	97.34	-3.45	-0.663	0.5	111115
36	"13:22:00"	197.5	7.39	0.108	263	0.0	0.0	0.0	0.0	0.0	0.000	0.000	0.000	-1	0.850	0.850	9	0.850	0.005	0.000	0.000	0.000	0.0	0.5	0.000	5.11	4.35	1.08	1	11.8	42.82	41.48	42.29	399.92	397.38	36.432	37.758	41.20	42.70	400.1	1996	237	97.34	-3.45	-0.663	0.5	111115
37	"13:22:05"	202.5	8.85	0.109	242	0.0	0.0	0.0	0.0	0.0	0.000	0.000	0.000	-1	0.850	0.850	9	0.850	0.006	0.000	0.000	0.000	0.0	0.5	0.000	5.13	4.34	1.08	1	11.8	42.83	41.49	42.30	400.28	397.34	36.463	37.795	41.22	42.72	400.1	1992	237	97.34	-3.45	-0.663	0.8	111115
38	"13:22:10"	207.0	7.7	0.109	259	0.0	0.0	0.0	0.0	0.0	0.000	0.000	0.000	-1	0.850	0.850	9	0.850	0.005	0.000	0.000	0.000	0.0	0.5	0.000	5.13	4.34	1.08	1	11.8	42.84	41.48	42.31	399.99	397.36	36.503	37.834	41.25	42.75	400.1	1993	226	97.34	-3.45	-0.663	0.8	111115
