"OPEN 5.3.2"
"Mon Jul 11 2011 14:30:18"
"Unit="	"PSC-1512"
"LCF="	"LCF-0428"
"LCFCals="	" -1.94 -2.02-2862.00"
"ComputeList="	"/User/Configs/Comps/Std Flr Comp"
"BLCTable="	"/Sys/Lib/BLCTable_LCF"
"LightSource="	"6400-40 LCF"	1	0.16
"LogFormat="	"/User/Configs/LogFormats/Std Flr Log"
"LogCodes="	-35	-21	-36	30	23	36	-86	-88	-87	-89	-90	4202	4211	4212	4213	4206	4205	-81	4207	4215	4216	4220	4221	-96	4222	4223	21	25	-33	-34	-32	-9	-10	-8	-1	-2	-4	-5	-14	-15	-7	-12	-13	-11	-65	-66	-72	-23
"PromptList="	"/User/Configs/Prompts/Default (none)"
"Stability= (Photo 20s SLP<0.5)(Cond 20s SLP<0.01)(H2OS 20s SLP<1)(F 20s SLP<1)"
"14:30:18 "
$STARTOFDATA$
"Obs"	"HHMMSS"	"FTime"	"Photo"	"Cond"	"Ci"	"Fo"	"Fm"	"Fo'"	"Fm'"	"Fs"	"Fv/Fm"	"Fv'/Fm'"	"PhiPS2"	"Adark"	"RedAbs"	"BlueAbs"	"%Blue"	"LeafAbs"	"PhiCO2"	"qP"	"qN"	"NPQ"	"ParIn@Fs"	"PS2/1"	"ETR"	"Trmmol"	"VpdL"	"Area"	"StmRat"	"BLCond"	"Tair"	"Tleaf"	"TBlk"	"CO2R"	"CO2S"	"H2OR"	"H2OS"	"RH_R"	"RH_S"	"Flow"	"PARi"	"PARo"	"Press"	"CsMch"	"HsMch"	"StableF"	"Status"
1	"14:30:26"	11.5	0.251	0.0273	341	0.0	0.0	0.0	0.0	0.0	0.000	0.000	0.000	-1	0.850	0.850	9	0.850	0.001	0.000	0.000	0.000	0.0	0.5	0.000	2.01	6.68	1.08	1	11.8	47.52	46.10	46.79	399.62	399.34	35.642	36.164	31.63	32.09	400.0	1864	617	97.3	-2.66	-0.817	0.2	111115
2	"14:30:31"	16.5	-0.0143	0.0281	356	0.0	0.0	0.0	0.0	0.0	0.000	0.000	0.000	-1	0.850	0.850	9	0.850	0.001	0.000	0.000	0.000	0.0	0.5	0.000	2.07	6.69	1.08	1	11.8	47.54	46.12	46.81	399.67	399.45	35.623	36.162	31.58	32.06	399.9	1977	628	97.3	-2.66	-0.817	0.2	111115
3	"14:30:36"	21.5	0.41	0.0281	332	0.0	0.0	0.0	0.0	0.0	0.000	0.000	0.000	-1	0.850	0.850	9	0.850	0.001	0.000	0.000	0.000	0.0	0.5	0.000	2.08	6.72	1.08	1	11.8	47.56	46.17	46.82	399.66	399.33	35.605	36.147	31.54	32.02	399.9	1987	632	97.3	-2.66	-0.817	0.5	111115
4	"14:30:41"	27.0	0.126	0.027	347	0.0	0.0	0.0	0.0	0.0	0.000	0.000	0.000	-1	0.850	0.850	9	0.850	0.001	0.000	0.000	0.000	0.0	0.5	0.000	2.01	6.74	1.08	1	11.8	47.57	46.21	46.83	399.53	399.28	35.611	36.135	31.52	31.99	400.0	1986	634	97.3	-2.66	-0.817	0.5	111115
5	"14:30:46"	32.0	0.498	0.027	326	0.0	0.0	0.0	0.0	0.0	0.000	0.000	0.000	-1	0.850	0.850	9	0.850	0.001	0.000	0.000	0.000	0.0	0.5	0.000	2.01	6.76	1.08	1	11.8	47.59	46.23	46.84	399.61	399.26	35.589	36.112	31.48	31.94	399.9	1986	635	97.3	-2.66	-0.817	0.5	111115
6	"14:30:52"	37.5	-0.0389	0.0268	356	0.0	0.0	0.0	0.0	0.0	0.000	0.000	0.000	-1	0.850	0.850	9	0.850	0.001	0.000	0.000	0.000	0.0	0.5	0.000	2	6.78	1.08	1	11.8	47.60	46.28	46.86	399.49	399.29	35.576	36.098	31.44	31.91	400.0	1986	635	97.3	-2.66	-0.817	0.5	111115
7	"14:30:57"	42.5	0.421	0.0264	330	0.0	0.0	0.0	0.0	0.0	0.000	0.000	0.000	-1	0.850	0.850	9	0.850	0.001	0.000	0.000	0.000	0.0	0.5	0.000	1.98	6.79	1.08	1	11.8	47.61	46.29	46.87	399.52	399.19	35.556	36.071	31.41	31.86	399.9	1986	635	97.3	-2.66	-0.817	0.5	111115
8	"14:31:02"	48.0	-0.309	0.0251	373	0.0	0.0	0.0	0.0	0.0	0.000	0.000	0.000	-1	0.850	0.850	9	0.850	0.000	0.000	0.000	0.000	0.0	0.5	0.000	1.89	6.8	1.08	1	11.8	47.63	46.31	46.88	399.34	399.22	35.550	36.041	31.38	31.81	399.9	1986	635	97.3	-2.66	-0.817	0.8	111115
9	"14:31:08"	53.5	0.207	0.0258	342	0.0	0.0	0.0	0.0	0.0	0.000	0.000	0.000	-1	0.850	0.850	9	0.850	0.001	0.000	0.000	0.000	0.0	0.5	0.000	1.94	6.82	1.08	1	11.8	47.64	46.34	46.89	399.42	399.15	35.522	36.028	31.33	31.78	399.9	1986	634	97.3	-2.66	-0.817	0.5	111115
10	"14:31:13"	58.5	0.351	0.0246	332	0.0	0.0	0.0	0.0	0.0	0.000	0.000	0.000	-1	0.850	0.850	9	0.850	0.001	0.000	0.000	0.000	0.0	0.5	0.000	1.85	6.83	1.08	1	11.8	47.65	46.37	46.91	399.44	399.15	35.520	36.003	31.31	31.74	399.9	1986	634	97.3	-2.66	-0.817	0.8	111115
11	"14:31:18"	64.0	0.465	0.0241	324	0.0	0.0	0.0	0.0	0.0	0.000	0.000	0.000	-1	0.850	0.850	9	0.850	0.001	0.000	0.000	0.000	0.0	0.5	0.000	1.82	6.84	1.08	1	11.8	47.67	46.37	46.91	399.49	399.16	35.499	35.973	31.27	31.69	399.9	1988	634	97.3	-2.66	-0.817	0.8	111115
12	"14:31:24"	69.5	0.324	0.024	333	0.0	0.0	0.0	0.0	0.0	0.000	0.000	0.000	-1	0.850	0.850	9	0.850	0.001	0.000	0.000	0.000	0.0	0.5	0.000	1.82	6.86	1.08	1	11.8	47.68	46.41	46.93	399.47	399.19	35.482	35.955	31.23	31.65	399.9	1988	633	97.3	-2.66	-0.817	0.5	111115
13	"14:31:29"	75.0	0.291	0.023	334	0.0	0.0	0.0	0.0	0.0	0.000	0.000	0.000	-1	0.850	0.850	9	0.850	0.001	0.000	0.000	0.000	0.0	0.5	0.000	1.74	6.87	1.08	1	11.8	47.70	46.43	46.94	399.48	399.22	35.483	35.937	31.21	31.61	399.9	1987	631	97.3	-2.66	-0.817	0.5	111115
14	"14:31:35"	80.5	0.13	0.0229	345	0.0	0.0	0.0	0.0	0.0	0.000	0.000	0.000	-1	0.850	0.850	9	0.850	0.001	0.000	0.000	0.000	0.0	0.5	0.000	1.74	6.89	1.08	1	11.8	47.71	46.46	46.95	399.41	399.18	35.454	35.908	31.16	31.56	399.9	1987	630	97.3	-2.66	-0.817	0.8	111115
15	"14:31:40"	85.5	0.393	0.023	327	0.0	0.0	0.0	0.0	0.0	0.000	0.000	0.000	-1	0.850	0.850	9	0.850	0.001	0.000	0.000	0.000	0.0	0.5	0.000	1.75	6.91	1.08	1	11.8	47.72	46.49	46.97	399.49	399.19	35.436	35.893	31.13	31.53	399.9	1987	629	97.3	-2.66	-0.817	0.5	111115
16	"14:31:45"	90.5	0.417	0.0222	325	0.0	0.0	0.0	0.0	0.0	0.000	0.000	0.000	-1	0.850	0.850	9	0.850	0.001	0.000	0.000	0.000	0.0	0.5	0.000	1.7	6.92	1.08	1	11.8	47.74	46.50	46.98	399.48	399.18	35.425	35.867	31.10	31.49	399.9	1988	628	97.3	-2.66	-0.817	0.8	111115
17	"14:31:50"	95.5	0.00629	0.0222	353	0.0	0.0	0.0	0.0	0.0	0.000	0.000	0.000	-1	0.850	0.850	9	0.850	0.001	0.000	0.000	0.000	0.0	0.5	0.000	1.7	6.92	1.08	1	11.8	47.75	46.50	46.99	399.38	399.20	35.417	35.859	31.07	31.46	399.9	1988	626	97.3	-2.66	-0.817	0.8	111115
18	"14:31:55"	101.0	-0.321	0.0215	376	0.0	0.0	0.0	0.0	0.0	0.000	0.000	0.000	-1	0.850	0.850	9	0.850	0.000	0.000	0.000	0.000	0.0	0.5	0.000	1.64	6.94	1.08	1	11.8	47.76	46.53	47.00	399.31	399.22	35.411	35.839	31.04	31.42	399.6	1987	624	97.3	-2.66	-0.817	0.8	111115
19	"14:32:01"	106.0	0.374	0.0218	327	0.0	0.0	0.0	0.0	0.0	0.000	0.000	0.000	-1	0.850	0.850	9	0.850	0.001	0.000	0.000	0.000	0.0	0.5	0.000	1.67	6.95	1.08	1	11.8	47.78	46.55	47.02	399.42	399.14	35.389	35.824	31.00	31.38	400.1	1987	622	97.3	-2.66	-0.817	0.8	111115
20	"14:32:06"	111.5	0.361	0.0212	327	0.0	0.0	0.0	0.0	0.0	0.000	0.000	0.000	-1	0.850	0.850	9	0.850	0.001	0.000	0.000	0.000	0.0	0.5	0.000	1.63	6.96	1.08	1	11.8	47.79	46.57	47.03	399.40	399.13	35.377	35.801	30.97	31.34	399.7	1987	619	97.3	-2.66	-0.817	0.8	111115
21	"14:32:11"	117.0	0.0852	0.0213	347	0.0	0.0	0.0	0.0	0.0	0.000	0.000	0.000	-1	0.850	0.850	9	0.850	0.001	0.000	0.000	0.000	0.0	0.5	0.000	1.64	6.97	1.08	1	11.8	47.81	46.59	47.05	399.44	399.24	35.365	35.792	30.94	31.31	400.0	1987	616	97.3	-2.66	-0.817	0.8	111115
22	"14:32:16"	122.0	-0.161	0.0209	364	0.0	0.0	0.0	0.0	0.0	0.000	0.000	0.000	-1	0.850	0.850	9	0.850	0.000	0.000	0.000	0.000	0.0	0.5	0.000	1.61	6.98	1.08	1	11.8	47.82	46.60	47.06	399.24	399.11	35.356	35.776	30.91	31.27	399.9	1987	614	97.3	-2.66	-0.817	0.8	111115
23	"14:32:22"	127.5	0.0131	0.0202	352	0.0	0.0	0.0	0.0	0.0	0.000	0.000	0.000	-1	0.850	0.850	9	0.850	0.001	0.000	0.000	0.000	0.0	0.5	0.000	1.56	6.99	1.08	1	11.8	47.83	46.61	47.07	399.26	399.09	35.357	35.764	30.88	31.24	399.9	1988	611	97.3	-2.66	-0.817	0.5	111115
24	"14:32:27"	132.5	0.378	0.0206	325	0.0	0.0	0.0	0.0	0.0	0.000	0.000	0.000	-1	0.850	0.850	9	0.850	0.001	0.000	0.000	0.000	0.0	0.5	0.000	1.59	6.99	1.08	1	11.8	47.85	46.61	47.09	399.36	399.09	35.332	35.747	30.84	31.21	399.9	1988	608	97.3	-2.66	-0.817	0.5	111115
25	"14:32:32"	138.0	-0.221	0.02	369	0.0	0.0	0.0	0.0	0.0	0.000	0.000	0.000	-1	0.850	0.850	9	0.850	0.000	0.000	0.000	0.000	0.0	0.5	0.000	1.55	7.01	1.08	1	11.8	47.86	46.64	47.10	399.21	399.10	35.321	35.724	30.81	31.16	399.8	1988	606	97.3	-2.66	-0.817	0.8	111115
26	"14:32:37"	143.0	-0.134	0.0202	362	0.0	0.0	0.0	0.0	0.0	0.000	0.000	0.000	-1	0.850	0.850	9	0.850	0.001	0.000	0.000	0.000	0.0	0.5	0.000	1.57	7	1.08	1	11.8	47.87	46.63	47.11	399.20	399.07	35.307	35.714	30.78	31.14	399.9	1988	602	97.3	-2.66	-0.817	0.8	111115
27	"14:32:43"	148.5	0.0715	0.0198	347	0.0	0.0	0.0	0.0	0.0	0.000	0.000	0.000	-1	0.850	0.850	9	0.850	0.001	0.000	0.000	0.000	0.0	0.5	0.000	1.54	7.01	1.08	1	11.8	47.88	46.64	47.12	399.23	399.04	35.291	35.692	30.75	31.10	399.7	1989	599	97.3	-2.66	-0.817	0.8	111115
28	"14:32:48"	153.5	-0.0427	0.02	356	0.0	0.0	0.0	0.0	0.0	0.000	0.000	0.000	-1	0.850	0.850	9	0.850	0.001	0.000	0.000	0.000	0.0	0.5	0.000	1.55	7.03	1.08	1	11.8	47.89	46.67	47.13	399.23	399.07	35.274	35.678	30.72	31.07	399.8	1989	589	97.3	-2.66	-0.817	0.8	111115
29	"14:32:53"	158.5	0.033	0.0197	350	0.0	0.0	0.0	0.0	0.0	0.000	0.000	0.000	-1	0.850	0.850	9	0.850	0.001	0.000	0.000	0.000	0.0	0.5	0.000	1.53	7.02	1.08	1	11.8	47.90	46.66	47.14	399.20	399.03	35.258	35.656	30.70	31.04	399.8	1988	581	97.3	-2.66	-0.817	0.5	111115
30	"14:32:58"	164.0	0.114	0.0191	343	0.0	0.0	0.0	0.0	0.0	0.000	0.000	0.000	-1	0.850	0.850	9	0.850	0.001	0.000	0.000	0.000	0.0	0.5	0.000	1.48	7.03	1.08	1	11.8	47.91	46.67	47.15	399.25	399.06	35.257	35.643	30.68	31.02	399.9	1987	577	97.3	-2.66	-0.817	0.8	111115
