"OPEN 5.3.2"
"Mon Jul 11 2011 14:55:21"
"Unit="	"PSC-1512"
"LCF="	"LCF-0428"
"LCFCals="	" -1.94 -2.02-2862.00"
"ComputeList="	"/User/Configs/Comps/Std Flr Comp"
"BLCTable="	"/Sys/Lib/BLCTable_LCF"
"LightSource="	"6400-40 LCF"	1	0.16
"LogFormat="	"/User/Configs/LogFormats/Std Flr Log"
"LogCodes="	-35	-21	-36	30	23	36	-86	-88	-87	-89	-90	4202	4211	4212	4213	4206	4205	-81	4207	4215	4216	4220	4221	-96	4222	4223	21	25	-33	-34	-32	-9	-10	-8	-1	-2	-4	-5	-14	-15	-7	-12	-13	-11	-65	-66	-72	-23
"PromptList="	"/User/Configs/Prompts/Default (none)"
"Stability= (Photo 20s SLP<0.5)(Cond 20s SLP<0.01)(H2OS 20s SLP<1)(F 20s SLP<1)"
"14:55:22 "
$STARTOFDATA$
"Obs"	"HHMMSS"	"FTime"	"Photo"	"Cond"	"Ci"	"Fo"	"Fm"	"Fo'"	"Fm'"	"Fs"	"Fv/Fm"	"Fv'/Fm'"	"PhiPS2"	"Adark"	"RedAbs"	"BlueAbs"	"%Blue"	"LeafAbs"	"PhiCO2"	"qP"	"qN"	"NPQ"	"ParIn@Fs"	"PS2/1"	"ETR"	"Trmmol"	"VpdL"	"Area"	"StmRat"	"BLCond"	"Tair"	"Tleaf"	"TBlk"	"CO2R"	"CO2S"	"H2OR"	"H2OS"	"RH_R"	"RH_S"	"Flow"	"PARi"	"PARo"	"Press"	"CsMch"	"HsMch"	"StableF"	"Status"
1	"14:55:30"	14.5	39.7	0.284	138	0.0	0.0	0.0	0.0	0.0	0.000	0.000	0.000	-1	0.850	0.850	9	0.850	0.025	0.000	0.000	0.000	0.0	0.5	0.000	13	4.3	1.22	1	11.4	44.61	42.00	44.19	399.55	385.93	36.729	40.540	37.83	41.75	400.5	1911	80	97.29	-2.56	-0.684	0.2	111115
2	"14:55:35"	19.5	39.5	0.287	142	0.0	0.0	0.0	0.0	0.0	0.000	0.000	0.000	-1	0.850	0.850	9	0.850	0.024	0.000	0.000	0.000	0.0	0.5	0.000	13.1	4.28	1.22	1	11.4	44.61	41.96	44.18	399.69	386.11	36.748	40.587	37.84	41.80	400.2	1986	84	97.28	-2.56	-0.684	0.2	111115
3	"14:55:40"	24.5	39.2	0.291	146	0.0	0.0	0.0	0.0	0.0	0.000	0.000	0.000	-1	0.850	0.850	9	0.850	0.024	0.000	0.000	0.000	0.0	0.5	0.000	13.3	4.27	1.22	1	11.4	44.61	41.95	44.17	399.63	386.12	36.759	40.641	37.85	41.85	400.5	1992	83	97.29	-2.56	-0.684	0.2	111115
4	"14:55:45"	29.5	39	0.293	148	0.0	0.0	0.0	0.0	0.0	0.000	0.000	0.000	-1	0.850	0.850	9	0.850	0.024	0.000	0.000	0.000	0.0	0.5	0.000	13.4	4.27	1.22	1	11.4	44.61	41.96	44.17	399.58	386.12	36.777	40.686	37.87	41.89	400.1	1992	82	97.29	-2.56	-0.684	0.2	111115
5	"14:55:50"	35.0	39	0.295	150	0.0	0.0	0.0	0.0	0.0	0.000	0.000	0.000	-1	0.850	0.850	9	0.850	0.024	0.000	0.000	0.000	0.0	0.5	0.000	13.5	4.26	1.22	1	11.4	44.61	41.96	44.17	399.47	386.00	36.789	40.723	37.88	41.93	400.2	1992	85	97.29	-2.56	-0.684	0.2	111115
6	"14:55:56"	40.5	38.9	0.298	152	0.0	0.0	0.0	0.0	0.0	0.000	0.000	0.000	-1	0.850	0.850	9	0.850	0.024	0.000	0.000	0.000	0.0	0.5	0.000	13.5	4.25	1.22	1	11.4	44.62	41.94	44.16	399.41	385.96	36.795	40.748	37.88	41.95	400.5	1992	88	97.28	-2.56	-0.684	0.2	111115
7	"14:56:01"	45.5	38.9	0.298	152	0.0	0.0	0.0	0.0	0.0	0.000	0.000	0.000	-1	0.850	0.850	9	0.850	0.024	0.000	0.000	0.000	0.0	0.5	0.000	13.6	4.27	1.22	1	11.4	44.61	41.98	44.15	399.39	385.93	36.794	40.768	37.89	41.98	400.1	1992	89	97.28	-2.56	-0.684	0.2	111115
8	"14:56:06"	51.0	39.3	0.3	152	0.0	0.0	0.0	0.0	0.0	0.000	0.000	0.000	-1	0.850	0.850	9	0.850	0.024	0.000	0.000	0.000	0.0	0.5	0.000	13.6	4.24	1.22	1	11.4	44.61	41.92	44.15	399.56	385.98	36.808	40.786	37.91	42.01	400.2	1992	88	97.28	-2.56	-0.684	0.5	111115
9	"14:56:11"	56.0	38.2	0.302	159	0.0	0.0	0.0	0.0	0.0	0.000	0.000	0.000	-1	0.850	0.850	9	0.850	0.023	0.000	0.000	0.000	0.0	0.5	0.000	13.7	4.23	1.22	1	11.4	44.61	41.91	44.14	399.29	386.03	36.810	40.802	37.91	42.03	400.2	1992	83	97.28	-2.56	-0.684	0.5	111115
10	"14:56:17"	61.5	39	0.302	155	0.0	0.0	0.0	0.0	0.0	0.000	0.000	0.000	-1	0.850	0.850	9	0.850	0.024	0.000	0.000	0.000	0.0	0.5	0.000	13.7	4.24	1.22	1	11.4	44.60	41.93	44.13	399.47	385.99	36.816	40.817	37.93	42.05	400.2	1992	82	97.29	-2.56	-0.684	0.5	111115
11	"14:56:22"	67.0	39.6	0.303	152	0.0	0.0	0.0	0.0	0.0	0.000	0.000	0.000	-1	0.850	0.850	9	0.850	0.024	0.000	0.000	0.000	0.0	0.5	0.000	13.7	4.24	1.22	1	11.4	44.60	41.94	44.14	399.66	385.98	36.810	40.822	37.93	42.06	400.2	1992	83	97.29	-2.56	-0.684	0.2	111115
12	"14:56:28"	72.5	38.8	0.303	157	0.0	0.0	0.0	0.0	0.0	0.000	0.000	0.000	-1	0.850	0.850	9	0.850	0.023	0.000	0.000	0.000	0.0	0.5	0.000	13.7	4.24	1.22	1	11.4	44.60	41.93	44.13	399.57	386.14	36.813	40.830	37.94	42.08	400.2	1992	81	97.29	-2.56	-0.684	0.8	111115
13	"14:56:33"	78.0	38.9	0.304	156	0.0	0.0	0.0	0.0	0.0	0.000	0.000	0.000	-1	0.850	0.850	9	0.850	0.024	0.000	0.000	0.000	0.0	0.5	0.000	13.7	4.23	1.22	1	11.4	44.59	41.91	44.12	399.60	386.14	36.809	40.822	37.94	42.08	400.2	1992	83	97.29	-2.56	-0.684	0.8	111115
14	"14:56:39"	83.5	38.5	0.305	159	0.0	0.0	0.0	0.0	0.0	0.000	0.000	0.000	-1	0.850	0.850	9	0.850	0.023	0.000	0.000	0.000	0.0	0.5	0.000	13.8	4.23	1.22	1	11.4	44.59	41.91	44.12	399.51	386.17	36.818	40.842	37.96	42.11	400.5	1992	85	97.29	-2.56	-0.684	0.5	111115
15	"14:56:44"	89.0	38.6	0.305	159	0.0	0.0	0.0	0.0	0.0	0.000	0.000	0.000	-1	0.850	0.850	9	0.850	0.023	0.000	0.000	0.000	0.0	0.5	0.000	13.8	4.24	1.22	1	11.4	44.58	41.92	44.11	399.53	386.13	36.810	40.840	37.97	42.12	400.2	1992	85	97.29	-2.56	-0.684	0.5	111115
16	"14:56:50"	94.5	39.1	0.304	156	0.0	0.0	0.0	0.0	0.0	0.000	0.000	0.000	-1	0.850	0.850	9	0.850	0.024	0.000	0.000	0.000	0.0	0.5	0.000	13.8	4.24	1.22	1	11.4	44.57	41.92	44.10	399.68	386.14	36.816	40.838	37.99	42.14	400.2	1993	88	97.29	-2.56	-0.684	0.5	111115
17	"14:56:55"	99.5	38.6	0.304	158	0.0	0.0	0.0	0.0	0.0	0.000	0.000	0.000	-1	0.850	0.850	9	0.850	0.023	0.000	0.000	0.000	0.0	0.5	0.000	13.8	4.25	1.22	1	11.4	44.57	41.95	44.09	399.61	386.23	36.818	40.848	38.00	42.16	400.2	1992	80	97.29	-2.56	-0.684	0.8	111115
18	"14:57:00"	104.5	38.7	0.304	158	0.0	0.0	0.0	0.0	0.0	0.000	0.000	0.000	-1	0.850	0.850	9	0.850	0.023	0.000	0.000	0.000	0.0	0.5	0.000	13.8	4.25	1.22	1	11.4	44.56	41.95	44.08	399.66	386.22	36.811	40.844	38.01	42.18	400.1	1993	82	97.29	-2.56	-0.684	0.8	111115
19	"14:57:05"	109.5	38.7	0.306	159	0.0	0.0	0.0	0.0	0.0	0.000	0.000	0.000	-1	0.850	0.850	9	0.850	0.023	0.000	0.000	0.000	0.0	0.5	0.000	13.9	4.24	1.22	1	11.4	44.55	41.93	44.07	399.55	386.12	36.791	40.842	38.01	42.20	400.2	1993	88	97.29	-2.56	-0.684	0.8	111115
20	"14:57:10"	115.0	39.1	0.306	157	0.0	0.0	0.0	0.0	0.0	0.000	0.000	0.000	-1	0.850	0.850	9	0.850	0.024	0.000	0.000	0.000	0.0	0.5	0.000	13.8	4.23	1.22	1	11.4	44.54	41.92	44.06	399.71	386.17	36.802	40.842	38.04	42.21	400.2	1993	81	97.29	-2.56	-0.684	0.8	111115
