"OPEN 5.3.2"
"Mon Jul 11 2011 12:53:20"
"Unit="	"PSC-1570"
"LCF="	"LCF-0398"
"LCFCals="	" -1.56 -1.57  0.00"
"ComputeList="	"/User/Configs/Comps/Std Flr Comp"
"BLCTable="	"/Sys/Lib/BLCTable_LCF"
"LightSource="	"6400-40 LCF"	1	0.16
"LogFormat="	"/User/Configs/LogFormats/Std Flr Log"
"LogCodes="	-35	-21	-36	30	23	36	-86	-88	-87	-89	-90	4202	4211	4212	4213	4206	4205	-81	4207	4215	4216	4220	4221	-96	4222	4223	21	25	-33	-34	-32	-9	-10	-8	-1	-2	-4	-5	-14	-15	-7	-12	-13	-11	-65	-66	-72	-23
"PromptList="	"/User/Configs/Prompts/Default (none)"
"Stability= (Photo 20s SLP<0.5)(Cond 20s SLP<0.01)(H2OS 20s SLP<1)(F 20s SLP<1)"
"12:53:20 "
$STARTOFDATA$
"Obs"	"HHMMSS"	"FTime"	"Photo"	"Cond"	"Ci"	"Fo"	"Fm"	"Fo'"	"Fm'"	"Fs"	"Fv/Fm"	"Fv'/Fm'"	"PhiPS2"	"Adark"	"RedAbs"	"BlueAbs"	"%Blue"	"LeafAbs"	"PhiCO2"	"qP"	"qN"	"NPQ"	"ParIn@Fs"	"PS2/1"	"ETR"	"Trmmol"	"VpdL"	"Area"	"StmRat"	"BLCond"	"Tair"	"Tleaf"	"TBlk"	"CO2R"	"CO2S"	"H2OR"	"H2OS"	"RH_R"	"RH_S"	"Flow"	"PARi"	"PARo"	"Press"	"CsMch"	"HsMch"	"StableF"	"Status"
1	"12:53:27"	10.5	15.3	0.063	-15.9	0.0	0.0	0.0	0.0	0.0	0.000	0.000	0.000	-1	0.850	0.850	0	0.850	0.009	0.000	0.000	0.000	0.0	0.5	0.000	3.97	5.67	1.22	1	11.4	44.21	44.67	43.94	399.58	394.42	38.334	39.497	39.85	41.06	400.4	2061	142	96.2	14.5	-0.085	0.0	111115
2	"12:53:32"	15.5	17.8	0.0741	-12.6	0.0	0.0	0.0	0.0	0.0	0.000	0.000	0.000	-1	0.850	0.850	0	0.850	0.011	0.000	0.000	0.000	0.0	0.5	0.000	4.66	5.67	1.22	1	11.4	44.24	44.69	43.94	400.23	394.24	38.332	39.694	39.80	41.21	400.3	2005	142	96.2	14.5	-0.085	0.0	111115
3	"12:53:38"	20.5	16.8	0.0809	38.2	0.0	0.0	0.0	0.0	0.0	0.000	0.000	0.000	-1	0.850	0.850	0	0.850	0.010	0.000	0.000	0.000	0.0	0.5	0.000	5.06	5.64	1.22	1	11.4	44.26	44.67	43.95	400.01	394.28	38.337	39.819	39.76	41.29	400.2	2002	141	96.2	14.5	-0.085	0.0	111115
4	"12:53:43"	25.5	17.3	0.0847	44.1	0.0	0.0	0.0	0.0	0.0	0.000	0.000	0.000	-1	0.850	0.850	0	0.850	0.011	0.000	0.000	0.000	0.0	0.5	0.000	5.28	5.63	1.22	1	11.4	44.28	44.65	43.96	400.07	394.17	38.346	39.893	39.72	41.32	400.2	1999	141	96.2	14.5	-0.085	0.0	111115
5	"12:53:48"	31.0	17	0.0883	60.6	0.0	0.0	0.0	0.0	0.0	0.000	0.000	0.000	-1	0.850	0.850	0	0.850	0.011	0.000	0.000	0.000	0.0	0.5	0.000	5.5	5.62	1.22	1	11.4	44.30	44.65	43.98	400.10	394.24	38.346	39.956	39.68	41.34	400.2	1998	141	96.2	14.5	-0.085	0.0	111115
6	"12:53:53"	36.5	15.8	0.0893	86.1	0.0	0.0	0.0	0.0	0.0	0.000	0.000	0.000	-1	0.850	0.850	0	0.850	0.010	0.000	0.000	0.000	0.0	0.5	0.000	5.57	5.63	1.22	1	11.4	44.33	44.67	44.01	399.94	394.46	38.362	39.992	39.65	41.33	400.2	1998	141	96.2	14.5	-0.085	0.2	111115
7	"12:53:59"	41.5	14.5	0.0914	113	0.0	0.0	0.0	0.0	0.0	0.000	0.000	0.000	-1	0.850	0.850	0	0.850	0.009	0.000	0.000	0.000	0.0	0.5	0.000	5.71	5.63	1.22	1	11.4	44.35	44.68	44.04	399.94	394.82	38.364	40.033	39.61	41.33	400.2	1998	141	96.2	14.5	-0.085	0.2	111115
8	"12:54:04"	47.0	14.1	0.0929	125	0.0	0.0	0.0	0.0	0.0	0.000	0.000	0.000	-1	0.850	0.850	0	0.850	0.009	0.000	0.000	0.000	0.0	0.5	0.000	5.8	5.63	1.22	1	11.4	44.37	44.69	44.07	400.02	395.03	38.379	40.075	39.57	41.32	400.3	1998	140	96.2	14.5	-0.085	0.2	111115
9	"12:54:09"	52.0	13	0.0934	143	0.0	0.0	0.0	0.0	0.0	0.000	0.000	0.000	-1	0.850	0.850	0	0.850	0.008	0.000	0.000	0.000	0.0	0.5	0.000	5.83	5.64	1.22	1	11.4	44.39	44.71	44.09	399.92	395.24	38.394	40.100	39.54	41.30	400.3	1998	139	96.2	14.5	-0.085	0.2	111115
10	"12:54:15"	57.5	11.9	0.0945	164	0.0	0.0	0.0	0.0	0.0	0.000	0.000	0.000	-1	0.850	0.850	0	0.850	0.008	0.000	0.000	0.000	0.0	0.5	0.000	5.91	5.65	1.22	1	11.4	44.42	44.73	44.11	399.68	395.34	38.394	40.123	39.50	41.28	400.3	1998	138	96.2	14.5	-0.085	0.2	111115
11	"12:54:20"	63.0	12.6	0.0946	154	0.0	0.0	0.0	0.0	0.0	0.000	0.000	0.000	-1	0.850	0.850	0	0.850	0.008	0.000	0.000	0.000	0.0	0.5	0.000	5.92	5.65	1.22	1	11.4	44.44	44.74	44.13	399.75	395.21	38.402	40.135	39.46	41.24	400.2	2002	138	96.2	14.5	-0.085	0.2	111115
12	"12:54:26"	68.5	12.1	0.0948	162	0.0	0.0	0.0	0.0	0.0	0.000	0.000	0.000	-1	0.850	0.850	0	0.850	0.008	0.000	0.000	0.000	0.0	0.5	0.000	5.93	5.65	1.22	1	11.4	44.46	44.74	44.14	399.54	395.15	38.408	40.143	39.42	41.20	400.2	2002	137	96.2	14.5	-0.085	0.5	111115
13	"12:54:31"	74.0	13.1	0.0943	143	0.0	0.0	0.0	0.0	0.0	0.000	0.000	0.000	-1	0.850	0.850	0	0.850	0.008	0.000	0.000	0.000	0.0	0.5	0.000	5.91	5.66	1.22	1	11.4	44.48	44.77	44.15	399.65	394.94	38.422	40.153	39.38	41.16	400.1	2001	137	96.2	14.5	-0.085	0.5	111115
14	"12:54:37"	79.5	13.7	0.0948	135	0.0	0.0	0.0	0.0	0.0	0.000	0.000	0.000	-1	0.850	0.850	0	0.850	0.009	0.000	0.000	0.000	0.0	0.5	0.000	5.95	5.67	1.22	1	11.4	44.51	44.78	44.17	399.65	394.76	38.422	40.165	39.34	41.12	400.1	2001	136	96.2	14.5	-0.085	0.5	111115
15	"12:54:42"	85.0	13.7	0.0946	134	0.0	0.0	0.0	0.0	0.0	0.000	0.000	0.000	-1	0.850	0.850	0	0.850	0.009	0.000	0.000	0.000	0.0	0.5	0.000	5.95	5.67	1.22	1	11.4	44.53	44.80	44.18	399.59	394.68	38.438	40.178	39.31	41.09	400.1	2001	136	96.2	14.5	-0.085	0.5	111115
16	"12:54:48"	90.5	14.4	0.0943	122	0.0	0.0	0.0	0.0	0.0	0.000	0.000	0.000	-1	0.850	0.850	0	0.850	0.009	0.000	0.000	0.000	0.0	0.5	0.000	5.94	5.68	1.22	1	11.4	44.55	44.82	44.20	399.65	394.54	38.439	40.178	39.27	41.05	400.1	2001	135	96.2	14.5	-0.085	0.5	111115
17	"12:54:53"	96.0	14.3	0.0939	123	0.0	0.0	0.0	0.0	0.0	0.000	0.000	0.000	-1	0.850	0.850	0	0.850	0.009	0.000	0.000	0.000	0.0	0.5	0.000	5.93	5.7	1.22	1	11.4	44.57	44.85	44.22	399.61	394.54	38.449	40.184	39.24	41.01	400.1	2001	134	96.2	14.5	-0.085	0.5	111115
18	"12:54:58"	101.0	14.6	0.0941	118	0.0	0.0	0.0	0.0	0.0	0.000	0.000	0.000	-1	0.850	0.850	0	0.850	0.009	0.000	0.000	0.000	0.0	0.5	0.000	5.95	5.7	1.22	1	11.4	44.59	44.86	44.24	399.53	394.36	38.459	40.199	39.21	40.99	400.1	2001	134	96.2	14.5	-0.085	0.5	111115
19	"12:55:03"	106.0	14.9	0.0941	114	0.0	0.0	0.0	0.0	0.0	0.000	0.000	0.000	-1	0.850	0.850	0	0.850	0.009	0.000	0.000	0.000	0.0	0.5	0.000	5.94	5.7	1.22	1	11.4	44.60	44.86	44.25	399.56	394.32	38.464	40.204	39.18	40.96	400.1	2001	134	96.2	14.5	-0.085	0.5	111115
20	"12:55:08"	111.0	15	0.0939	111	0.0	0.0	0.0	0.0	0.0	0.000	0.000	0.000	-1	0.850	0.850	0	0.850	0.009	0.000	0.000	0.000	0.0	0.5	0.000	5.95	5.71	1.22	1	11.4	44.62	44.89	44.27	399.54	394.25	38.468	40.209	39.15	40.92	400.1	2001	133	96.2	14.5	-0.085	0.5	111115
21	"12:55:13"	116.0	15	0.0951	114	0.0	0.0	0.0	0.0	0.0	0.000	0.000	0.000	-1	0.850	0.850	0	0.850	0.009	0.000	0.000	0.000	0.0	0.5	0.000	6.03	5.72	1.22	1	11.4	44.64	44.89	44.28	399.44	394.15	38.454	40.218	39.11	40.90	400.1	2001	132	96.2	14.5	-0.085	0.5	111115
22	"12:55:18"	121.0	15.1	0.0946	110	0.0	0.0	0.0	0.0	0.0	0.000	0.000	0.000	-1	0.850	0.850	0	0.850	0.009	0.000	0.000	0.000	0.0	0.5	0.000	6	5.72	1.22	1	11.4	44.65	44.91	44.30	399.47	394.13	38.468	40.224	39.09	40.87	400.0	2000	132	96.2	14.5	-0.085	0.5	111115
23	"12:55:23"	126.0	14.7	0.0946	117	0.0	0.0	0.0	0.0	0.0	0.000	0.000	0.000	-1	0.850	0.850	0	0.850	0.009	0.000	0.000	0.000	0.0	0.5	0.000	6.01	5.73	1.22	1	11.4	44.67	44.93	44.31	399.20	393.99	38.473	40.233	39.06	40.85	400.1	2000	131	96.2	14.5	-0.085	0.8	111115
24	"12:55:28"	131.0	15.7	0.0946	101	0.0	0.0	0.0	0.0	0.0	0.000	0.000	0.000	-1	0.850	0.850	0	0.850	0.010	0.000	0.000	0.000	0.0	0.5	0.000	6.02	5.74	1.22	1	11.4	44.69	44.94	44.33	399.44	393.94	38.471	40.234	39.02	40.81	400.0	2001	130	96.2	14.5	-0.085	0.8	111115
25	"12:55:33"	136.0	15.1	0.0945	111	0.0	0.0	0.0	0.0	0.0	0.000	0.000	0.000	-1	0.850	0.850	0	0.850	0.009	0.000	0.000	0.000	0.0	0.5	0.000	6.02	5.74	1.22	1	11.4	44.70	44.95	44.35	399.26	393.95	38.478	40.239	38.99	40.78	400.1	2001	130	96.2	14.5	-0.085	0.5	111115
26	"12:55:38"	141.0	15.8	0.0942	97.5	0.0	0.0	0.0	0.0	0.0	0.000	0.000	0.000	-1	0.850	0.850	0	0.850	0.010	0.000	0.000	0.000	0.0	0.5	0.000	6.01	5.75	1.22	1	11.4	44.72	44.97	44.36	399.45	393.89	38.486	40.244	38.97	40.75	400.0	2000	129	96.2	14.5	-0.085	0.5	111115
27	"12:55:43"	146.0	15.5	0.0949	105	0.0	0.0	0.0	0.0	0.0	0.000	0.000	0.000	-1	0.850	0.850	0	0.850	0.010	0.000	0.000	0.000	0.0	0.5	0.000	6.06	5.76	1.22	1	11.4	44.74	44.99	44.38	399.21	393.75	38.476	40.249	38.93	40.72	400.0	2000	128	96.2	14.5	-0.085	0.5	111115
28	"12:55:48"	151.0	16	0.0946	95.5	0.0	0.0	0.0	0.0	0.0	0.000	0.000	0.000	-1	0.850	0.850	0	0.850	0.010	0.000	0.000	0.000	0.0	0.5	0.000	6.06	5.77	1.22	1	11.4	44.76	45.02	44.40	399.32	393.70	38.491	40.263	38.90	40.70	400.0	1999	128	96.2	14.5	-0.085	0.5	111115
29	"12:55:53"	156.0	15.5	0.095	106	0.0	0.0	0.0	0.0	0.0	0.000	0.000	0.000	-1	0.850	0.850	0	0.850	0.010	0.000	0.000	0.000	0.0	0.5	0.000	6.09	5.78	1.22	1	11.4	44.77	45.04	44.41	399.17	393.72	38.492	40.276	38.87	40.67	400.0	1999	127	96.2	14.5	-0.085	0.5	111115
30	"12:55:58"	161.0	15.8	0.0945	98.2	0.0	0.0	0.0	0.0	0.0	0.000	0.000	0.000	-1	0.850	0.850	0	0.850	0.010	0.000	0.000	0.000	0.0	0.5	0.000	6.06	5.78	1.22	1	11.4	44.79	45.04	44.43	399.17	393.61	38.505	40.279	38.85	40.64	400.1	1999	126	96.2	14.5	-0.085	0.8	111115
31	"12:56:03"	166.0	16.6	0.0953	87.7	0.0	0.0	0.0	0.0	0.0	0.000	0.000	0.000	-1	0.850	0.850	0	0.850	0.010	0.000	0.000	0.000	0.0	0.5	0.000	6.13	5.8	1.22	1	11.4	44.81	45.07	44.45	399.25	393.45	38.494	40.288	38.80	40.61	400.1	1999	125	96.2	14.5	-0.085	0.5	111115
32	"12:56:08"	171.0	16.1	0.0957	97.6	0.0	0.0	0.0	0.0	0.0	0.000	0.000	0.000	-1	0.850	0.850	0	0.850	0.010	0.000	0.000	0.000	0.0	0.5	0.000	6.16	5.81	1.22	1	11.4	44.83	45.09	44.46	399.16	393.53	38.497	40.300	38.76	40.58	400.1	1999	124	96.2	14.5	-0.085	0.5	111115
33	"12:56:13"	176.0	16.2	0.096	95.4	0.0	0.0	0.0	0.0	0.0	0.000	0.000	0.000	-1	0.850	0.850	0	0.850	0.010	0.000	0.000	0.000	0.0	0.5	0.000	6.19	5.81	1.22	1	11.4	44.85	45.10	44.48	399.09	393.39	38.500	40.311	38.73	40.55	400.0	1998	123	96.2	14.5	-0.085	0.5	111115
34	"12:56:18"	181.0	16.7	0.096	88.7	0.0	0.0	0.0	0.0	0.0	0.000	0.000	0.000	-1	0.850	0.850	0	0.850	0.010	0.000	0.000	0.000	0.0	0.5	0.000	6.2	5.82	1.22	1	11.4	44.87	45.12	44.50	399.18	393.36	38.508	40.322	38.70	40.53	400.0	1998	122	96.2	14.5	-0.085	0.5	111115
35	"12:56:23"	186.0	16.5	0.0967	92.5	0.0	0.0	0.0	0.0	0.0	0.000	0.000	0.000	-1	0.850	0.850	0	0.850	0.010	0.000	0.000	0.000	0.0	0.5	0.000	6.25	5.83	1.22	1	11.4	44.88	45.14	44.51	399.11	393.32	38.507	40.335	38.66	40.50	400.1	2001	121	96.2	14.5	-0.085	0.5	111115
36	"12:56:28"	191.0	16.5	0.0974	94.9	0.0	0.0	0.0	0.0	0.0	0.000	0.000	0.000	-1	0.850	0.850	0	0.850	0.010	0.000	0.000	0.000	0.0	0.5	0.000	6.3	5.84	1.22	1	11.4	44.90	45.16	44.53	399.02	393.24	38.498	40.342	38.62	40.47	400.1	2001	120	96.2	14.5	-0.085	0.5	111115
37	"12:56:33"	196.0	16.5	0.0971	93.4	0.0	0.0	0.0	0.0	0.0	0.000	0.000	0.000	-1	0.850	0.850	0	0.850	0.010	0.000	0.000	0.000	0.0	0.5	0.000	6.29	5.84	1.22	1	11.4	44.92	45.17	44.55	399.07	393.27	38.514	40.356	38.59	40.44	400.0	2001	119	96.2	14.5	-0.085	0.5	111115
38	"12:56:38"	201.0	15.9	0.097	104	0.0	0.0	0.0	0.0	0.0	0.000	0.000	0.000	-1	0.850	0.850	0	0.850	0.010	0.000	0.000	0.000	0.0	0.5	0.000	6.3	5.85	1.22	1	11.4	44.94	45.19	44.57	398.82	393.23	38.517	40.360	38.56	40.40	400.0	2001	118	96.2	14.5	-0.085	0.8	111115
39	"12:56:43"	206.0	16.7	0.0978	92	0.0	0.0	0.0	0.0	0.0	0.000	0.000	0.000	-1	0.850	0.850	0	0.850	0.010	0.000	0.000	0.000	0.0	0.5	0.000	6.36	5.86	1.22	1	11.4	44.96	45.20	44.59	399.05	393.18	38.511	40.371	38.52	40.38	400.1	2000	117	96.2	14.5	-0.085	0.5	111115
40	"12:56:48"	211.0	16.6	0.098	94.9	0.0	0.0	0.0	0.0	0.0	0.000	0.000	0.000	-1	0.850	0.850	0	0.850	0.010	0.000	0.000	0.000	0.0	0.5	0.000	6.39	5.87	1.22	1	11.4	44.98	45.24	44.61	398.87	393.05	38.519	40.387	38.48	40.35	400.1	2000	116	96.2	14.5	-0.085	0.8	111115
