"OPEN 5.3.2"
"Mon Jul 11 2011 14:21:22"
"Unit="	"PSC-1512"
"LCF="	"LCF-0428"
"LCFCals="	" -1.94 -2.02-2862.00"
"ComputeList="	"/User/Configs/Comps/Std Flr Comp"
"BLCTable="	"/Sys/Lib/BLCTable_LCF"
"LightSource="	"6400-40 LCF"	1	0.16
"LogFormat="	"/User/Configs/LogFormats/Std Flr Log"
"LogCodes="	-35	-21	-36	30	23	36	-86	-88	-87	-89	-90	4202	4211	4212	4213	4206	4205	-81	4207	4215	4216	4220	4221	-96	4222	4223	21	25	-33	-34	-32	-9	-10	-8	-1	-2	-4	-5	-14	-15	-7	-12	-13	-11	-65	-66	-72	-23
"PromptList="	"/User/Configs/Prompts/Default (none)"
"Stability= (Photo 20s SLP<0.5)(Cond 20s SLP<0.01)(H2OS 20s SLP<1)(F 20s SLP<1)"
"14:21:22 "
$STARTOFDATA$
"Obs"	"HHMMSS"	"FTime"	"Photo"	"Cond"	"Ci"	"Fo"	"Fm"	"Fo'"	"Fm'"	"Fs"	"Fv/Fm"	"Fv'/Fm'"	"PhiPS2"	"Adark"	"RedAbs"	"BlueAbs"	"%Blue"	"LeafAbs"	"PhiCO2"	"qP"	"qN"	"NPQ"	"ParIn@Fs"	"PS2/1"	"ETR"	"Trmmol"	"VpdL"	"Area"	"StmRat"	"BLCond"	"Tair"	"Tleaf"	"TBlk"	"CO2R"	"CO2S"	"H2OR"	"H2OS"	"RH_R"	"RH_S"	"Flow"	"PARi"	"PARo"	"Press"	"CsMch"	"HsMch"	"StableF"	"Status"
1	"14:21:29"	13.5	1.19	0.0285	293	0.0	0.0	0.0	0.0	0.0	0.000	0.000	0.000	-1	0.850	0.850	9	0.850	0.001	0.000	0.000	0.000	0.0	0.5	0.000	2.03	6.46	0.79	1	12	46.50	45.94	45.69	400.13	399.74	37.231	37.617	34.81	35.17	400.0	1872	261	97.31	-2.66	-0.817	0.2	111115
2	"14:21:35"	19.0	1.69	0.028	265	0.0	0.0	0.0	0.0	0.0	0.000	0.000	0.000	-1	0.850	0.850	9	0.850	0.002	0.000	0.000	0.000	0.0	0.5	0.000	1.99	6.45	0.79	1	12	46.50	45.92	45.70	400.17	399.68	37.207	37.586	34.77	35.13	399.8	1979	259	97.31	-2.66	-0.817	0.5	111115
3	"14:21:40"	24.5	0.753	0.0288	317	0.0	0.0	0.0	0.0	0.0	0.000	0.000	0.000	-1	0.850	0.850	9	0.850	0.001	0.000	0.000	0.000	0.0	0.5	0.000	2.05	6.46	0.79	1	12	46.51	45.94	45.71	399.93	399.62	37.174	37.565	34.73	35.09	399.9	1988	257	97.31	-2.66	-0.817	0.5	111115
4	"14:21:45"	29.5	0.892	0.0282	308	0.0	0.0	0.0	0.0	0.0	0.000	0.000	0.000	-1	0.850	0.850	9	0.850	0.001	0.000	0.000	0.000	0.0	0.5	0.000	2.01	6.47	0.79	1	12	46.52	45.96	45.71	399.93	399.60	37.158	37.541	34.70	35.05	400.1	1988	262	97.31	-2.66	-0.817	0.8	111115
5	"14:21:50"	34.5	1.37	0.0275	281	0.0	0.0	0.0	0.0	0.0	0.000	0.000	0.000	-1	0.850	0.850	9	0.850	0.001	0.000	0.000	0.000	0.0	0.5	0.000	1.97	6.48	0.79	1	12	46.53	45.97	45.72	399.90	399.48	37.135	37.509	34.66	35.01	399.8	1989	260	97.31	-2.66	-0.817	0.5	111115
6	"14:21:56"	40.0	1.71	0.0282	264	0.0	0.0	0.0	0.0	0.0	0.000	0.000	0.000	-1	0.850	0.850	9	0.850	0.002	0.000	0.000	0.000	0.0	0.5	0.000	2.02	6.49	0.79	1	12	46.54	45.98	45.73	400.00	399.50	37.095	37.479	34.61	34.97	400.2	1989	257	97.31	-2.66	-0.817	0.8	111115
7	"14:22:01"	45.0	1.32	0.0275	283	0.0	0.0	0.0	0.0	0.0	0.000	0.000	0.000	-1	0.850	0.850	9	0.850	0.001	0.000	0.000	0.000	0.0	0.5	0.000	1.97	6.49	0.79	1	12	46.54	45.97	45.74	399.97	399.56	37.077	37.452	34.58	34.93	399.8	1988	255	97.31	-2.66	-0.817	0.5	111115
8	"14:22:06"	50.0	0.77	0.0276	314	0.0	0.0	0.0	0.0	0.0	0.000	0.000	0.000	-1	0.850	0.850	9	0.850	0.001	0.000	0.000	0.000	0.0	0.5	0.000	1.98	6.5	0.79	1	12	46.55	46.00	45.75	399.83	399.52	37.051	37.427	34.54	34.89	399.9	1988	253	97.31	-2.66	-0.817	0.8	111115
9	"14:22:11"	55.5	1.64	0.0264	262	0.0	0.0	0.0	0.0	0.0	0.000	0.000	0.000	-1	0.850	0.850	9	0.850	0.002	0.000	0.000	0.000	0.0	0.5	0.000	1.89	6.5	0.79	1	12	46.56	45.99	45.75	400.04	399.57	37.028	37.388	34.51	34.84	399.9	1988	251	97.31	-2.66	-0.817	0.5	111115
10	"14:22:17"	61.0	1.4	0.0259	274	0.0	0.0	0.0	0.0	0.0	0.000	0.000	0.000	-1	0.850	0.850	9	0.850	0.001	0.000	0.000	0.000	0.0	0.5	0.000	1.86	6.51	0.79	1	12	46.57	46.00	45.76	400.00	399.58	36.998	37.352	34.46	34.79	399.9	1988	249	97.31	-2.66	-0.817	0.5	111115
11	"14:22:22"	66.0	0.58	0.0252	321	0.0	0.0	0.0	0.0	0.0	0.000	0.000	0.000	-1	0.850	0.850	9	0.850	0.001	0.000	0.000	0.000	0.0	0.5	0.000	1.81	6.51	0.79	1	12	46.58	46.00	45.77	399.83	399.58	36.982	37.327	34.44	34.76	399.9	1989	248	97.31	-2.66	-0.817	0.5	111115
12	"14:22:27"	71.5	1.05	0.0265	296	0.0	0.0	0.0	0.0	0.0	0.000	0.000	0.000	-1	0.850	0.850	9	0.850	0.001	0.000	0.000	0.000	0.0	0.5	0.000	1.91	6.52	0.79	1	12	46.58	46.01	45.78	399.93	399.57	36.940	37.303	34.39	34.72	399.9	1989	246	97.31	-2.66	-0.817	0.5	111115
13	"14:22:33"	77.0	0.767	0.0253	310	0.0	0.0	0.0	0.0	0.0	0.000	0.000	0.000	-1	0.850	0.850	9	0.850	0.001	0.000	0.000	0.000	0.0	0.5	0.000	1.82	6.52	0.79	1	12	46.59	46.01	45.79	399.90	399.61	36.921	37.267	34.35	34.67	399.9	1989	245	97.31	-2.66	-0.817	0.5	111115
14	"14:22:38"	82.5	1.27	0.0249	279	0.0	0.0	0.0	0.0	0.0	0.000	0.000	0.000	-1	0.850	0.850	9	0.850	0.001	0.000	0.000	0.000	0.0	0.5	0.000	1.79	6.51	0.79	1	12	46.60	45.98	45.80	399.93	399.54	36.902	37.242	34.32	34.64	399.9	1988	244	97.31	-2.66	-0.817	0.5	111115
15	"14:22:44"	88.0	0.493	0.0247	326	0.0	0.0	0.0	0.0	0.0	0.000	0.000	0.000	-1	0.850	0.850	9	0.850	0.001	0.000	0.000	0.000	0.0	0.5	0.000	1.78	6.53	0.79	1	12	46.61	46.01	45.81	399.79	399.55	36.873	37.212	34.28	34.59	399.9	1989	243	97.31	-2.66	-0.817	0.8	111115
16	"14:22:49"	93.0	-0.388	0.0248	380	0.0	0.0	0.0	0.0	0.0	0.000	0.000	0.000	-1	0.850	0.850	9	0.850	0.000	0.000	0.000	0.000	0.0	0.5	0.000	1.79	6.53	0.79	1	12	46.62	46.01	45.82	399.63	399.57	36.844	37.185	34.24	34.55	399.9	1989	242	97.31	-2.66	-0.817	0.8	111115
17	"14:22:54"	98.5	0.776	0.0238	306	0.0	0.0	0.0	0.0	0.0	0.000	0.000	0.000	-1	0.850	0.850	9	0.850	0.001	0.000	0.000	0.000	0.0	0.5	0.000	1.71	6.53	0.79	1	12	46.62	46.00	45.83	399.75	399.46	36.831	37.157	34.21	34.51	399.9	1989	235	97.31	-2.66	-0.817	0.5	111115
18	"14:23:00"	103.5	0.506	0.0243	324	0.0	0.0	0.0	0.0	0.0	0.000	0.000	0.000	-1	0.850	0.850	9	0.850	0.001	0.000	0.000	0.000	0.0	0.5	0.000	1.75	6.53	0.79	1	12	46.63	46.00	45.83	399.75	399.51	36.799	37.133	34.17	34.48	399.9	1989	229	97.31	-2.66	-0.817	0.5	111115
19	"14:23:05"	109.0	-0.0877	0.0245	361	0.0	0.0	0.0	0.0	0.0	0.000	0.000	0.000	-1	0.850	0.850	9	0.850	0.001	0.000	0.000	0.000	0.0	0.5	0.000	1.77	6.53	0.79	1	12	46.64	46.00	45.84	399.61	399.49	36.774	37.110	34.14	34.45	399.9	1989	231	97.31	-2.66	-0.817	0.5	111115
20	"14:23:10"	114.0	-0.0164	0.024	357	0.0	0.0	0.0	0.0	0.0	0.000	0.000	0.000	-1	0.850	0.850	9	0.850	0.001	0.000	0.000	0.000	0.0	0.5	0.000	1.73	6.54	0.79	1	12	46.64	46.00	45.85	399.64	399.51	36.754	37.083	34.11	34.41	399.9	1989	231	97.31	-2.66	-0.817	0.8	111115
21	"14:23:15"	119.0	0.596	0.024	318	0.0	0.0	0.0	0.0	0.0	0.000	0.000	0.000	-1	0.850	0.850	9	0.850	0.001	0.000	0.000	0.000	0.0	0.5	0.000	1.73	6.55	0.79	1	12	46.65	46.02	45.86	399.70	399.45	36.728	37.058	34.07	34.38	399.8	1989	231	97.31	-2.66	-0.817	0.5	111115
22	"14:23:20"	124.0	1.23	0.024	278	0.0	0.0	0.0	0.0	0.0	0.000	0.000	0.000	-1	0.850	0.850	9	0.850	0.001	0.000	0.000	0.000	0.0	0.5	0.000	1.74	6.56	0.79	1	12	46.66	46.03	45.87	399.82	399.44	36.704	37.035	34.04	34.34	399.9	1989	236	97.31	-2.66	-0.817	0.8	111115
23	"14:23:25"	129.0	0.829	0.0232	301	0.0	0.0	0.0	0.0	0.0	0.000	0.000	0.000	-1	0.850	0.850	9	0.850	0.001	0.000	0.000	0.000	0.0	0.5	0.000	1.68	6.55	0.79	1	12	46.67	46.01	45.87	399.72	399.42	36.688	37.007	34.01	34.30	399.9	1989	241	97.31	-2.66	-0.817	0.5	111115
24	"14:23:30"	134.0	1.51	0.0234	258	0.0	0.0	0.0	0.0	0.0	0.000	0.000	0.000	-1	0.850	0.850	9	0.850	0.001	0.000	0.000	0.000	0.0	0.5	0.000	1.69	6.56	0.79	1	12	46.67	46.03	45.89	399.88	399.45	36.663	36.986	33.97	34.27	399.9	1989	242	97.31	-2.66	-0.817	0.5	111115
25	"14:23:35"	139.0	1.62	0.0221	244	0.0	0.0	0.0	0.0	0.0	0.000	0.000	0.000	-1	0.850	0.850	9	0.850	0.002	0.000	0.000	0.000	0.0	0.5	0.000	1.6	6.57	0.79	1	12	46.68	46.03	45.89	399.91	399.46	36.651	36.956	33.95	34.23	399.9	1989	242	97.31	-2.66	-0.817	0.5	111115
26	"14:23:40"	144.0	1.17	0.0221	275	0.0	0.0	0.0	0.0	0.0	0.000	0.000	0.000	-1	0.850	0.850	9	0.850	0.001	0.000	0.000	0.000	0.0	0.5	0.000	1.6	6.58	0.79	1	12	46.69	46.06	45.90	399.75	399.39	36.642	36.947	33.93	34.21	399.4	1988	242	97.31	-2.66	-0.817	0.8	111115
27	"14:23:45"	149.0	0.233	0.0223	340	0.0	0.0	0.0	0.0	0.0	0.000	0.000	0.000	-1	0.850	0.850	9	0.850	0.001	0.000	0.000	0.000	0.0	0.5	0.000	1.62	6.59	0.79	1	12	46.69	46.07	45.91	399.60	399.42	36.611	36.920	33.89	34.17	400.1	1988	242	97.31	-2.66	-0.817	0.5	111115
28	"14:23:50"	154.0	0.544	0.0219	318	0.0	0.0	0.0	0.0	0.0	0.000	0.000	0.000	-1	0.850	0.850	9	0.850	0.001	0.000	0.000	0.000	0.0	0.5	0.000	1.6	6.6	0.79	1	12	46.70	46.09	45.91	399.77	399.53	36.591	36.895	33.86	34.14	399.7	1989	241	97.31	-2.66	-0.817	0.5	111115
29	"14:23:55"	159.0	0.825	0.0226	300	0.0	0.0	0.0	0.0	0.0	0.000	0.000	0.000	-1	0.850	0.850	9	0.850	0.001	0.000	0.000	0.000	0.0	0.5	0.000	1.65	6.6	0.79	1	12	46.71	46.08	45.92	399.83	399.54	36.566	36.879	33.82	34.11	399.8	1988	241	97.31	-2.66	-0.817	0.5	111115
30	"14:24:00"	164.0	0.926	0.0216	290	0.0	0.0	0.0	0.0	0.0	0.000	0.000	0.000	-1	0.850	0.850	9	0.850	0.001	0.000	0.000	0.000	0.0	0.5	0.000	1.57	6.62	0.79	1	12	46.71	46.11	45.93	399.75	399.44	36.557	36.857	33.80	34.08	399.8	1989	241	97.31	-2.66	-0.817	0.8	111115
31	"14:24:05"	169.0	0.358	0.0223	331	0.0	0.0	0.0	0.0	0.0	0.000	0.000	0.000	-1	0.850	0.850	9	0.850	0.001	0.000	0.000	0.000	0.0	0.5	0.000	1.63	6.62	0.79	1	12	46.72	46.11	45.93	399.66	399.46	36.529	36.839	33.76	34.05	399.8	1989	240	97.31	-2.66	-0.817	0.5	111115
32	"14:24:10"	174.0	0.777	0.0215	300	0.0	0.0	0.0	0.0	0.0	0.000	0.000	0.000	-1	0.850	0.850	9	0.850	0.001	0.000	0.000	0.000	0.0	0.5	0.000	1.57	6.63	0.79	1	12	46.73	46.12	45.94	399.70	399.42	36.517	36.816	33.74	34.02	399.8	1989	239	97.31	-2.66	-0.817	0.5	111115
33	"14:24:15"	179.0	0.0185	0.022	354	0.0	0.0	0.0	0.0	0.0	0.000	0.000	0.000	-1	0.850	0.850	9	0.850	0.001	0.000	0.000	0.000	0.0	0.5	0.000	1.61	6.63	0.79	1	12	46.73	46.12	45.95	399.49	399.36	36.495	36.801	33.71	33.99	399.8	1988	239	97.31	-2.66	-0.817	0.5	111115
34	"14:24:20"	184.0	0.944	0.0208	286	0.0	0.0	0.0	0.0	0.0	0.000	0.000	0.000	-1	0.850	0.850	9	0.850	0.001	0.000	0.000	0.000	0.0	0.5	0.000	1.53	6.64	0.79	1	12	46.74	46.13	45.95	399.68	399.38	36.487	36.777	33.69	33.96	399.9	1988	238	97.31	-2.66	-0.817	0.5	111115
35	"14:24:25"	189.0	0.0385	0.0213	352	0.0	0.0	0.0	0.0	0.0	0.000	0.000	0.000	-1	0.850	0.850	9	0.850	0.001	0.000	0.000	0.000	0.0	0.5	0.000	1.56	6.65	0.79	1	12	46.75	46.14	45.96	399.58	399.45	36.455	36.752	33.65	33.93	399.9	1988	236	97.31	-2.66	-0.817	0.8	111115
36	"14:24:30"	194.0	0.354	0.0216	330	0.0	0.0	0.0	0.0	0.0	0.000	0.000	0.000	-1	0.850	0.850	9	0.850	0.001	0.000	0.000	0.000	0.0	0.5	0.000	1.59	6.65	0.79	1	12	46.76	46.15	45.97	399.66	399.46	36.444	36.745	33.63	33.91	399.9	1988	235	97.31	-2.66	-0.817	0.5	111115
37	"14:24:35"	199.0	0.625	0.0209	310	0.0	0.0	0.0	0.0	0.0	0.000	0.000	0.000	-1	0.850	0.850	9	0.850	0.001	0.000	0.000	0.000	0.0	0.5	0.000	1.53	6.65	0.79	1	12	46.76	46.16	45.97	399.67	399.42	36.425	36.718	33.60	33.87	399.8	1987	234	97.31	-2.66	-0.817	0.5	111115
38	"14:24:40"	204.0	0.297	0.0207	333	0.0	0.0	0.0	0.0	0.0	0.000	0.000	0.000	-1	0.850	0.850	9	0.850	0.001	0.000	0.000	0.000	0.0	0.5	0.000	1.52	6.66	0.79	1	12	46.77	46.16	45.98	399.55	399.37	36.408	36.698	33.57	33.83	399.8	1987	233	97.31	-2.66	-0.817	0.8	111115
39	"14:24:45"	209.0	0.875	0.0215	293	0.0	0.0	0.0	0.0	0.0	0.000	0.000	0.000	-1	0.850	0.850	9	0.850	0.001	0.000	0.000	0.000	0.0	0.5	0.000	1.58	6.66	0.79	1	12	46.78	46.16	45.99	399.61	399.31	36.380	36.681	33.52	33.80	399.8	1988	232	97.31	-2.66	-0.817	0.8	111115
40	"14:24:50"	214.0	0.77	0.022	302	0.0	0.0	0.0	0.0	0.0	0.000	0.000	0.000	-1	0.850	0.850	9	0.850	0.001	0.000	0.000	0.000	0.0	0.5	0.000	1.62	6.67	0.79	1	12	46.79	46.18	46.00	399.67	399.39	36.361	36.670	33.49	33.77	399.9	1987	231	97.31	-2.66	-0.817	0.8	111115
41	"14:24:55"	219.0	0.453	0.0203	321	0.0	0.0	0.0	0.0	0.0	0.000	0.000	0.000	-1	0.850	0.850	9	0.850	0.001	0.000	0.000	0.000	0.0	0.5	0.000	1.5	6.69	0.79	1	12	46.80	46.20	46.01	399.64	399.43	36.354	36.640	33.47	33.73	399.9	1988	230	97.31	-2.66	-0.817	0.5	111115
42	"14:25:00"	224.0	0.197	0.0215	341	0.0	0.0	0.0	0.0	0.0	0.000	0.000	0.000	-1	0.850	0.850	9	0.850	0.001	0.000	0.000	0.000	0.0	0.5	0.000	1.58	6.68	0.79	1	12	46.81	46.19	46.02	399.60	399.44	36.326	36.628	33.43	33.70	399.8	1989	227	97.31	-2.66	-0.817	0.8	111115
