"OPEN 5.3.2"
"Mon Jul 11 2011 13:25:07"
"Unit="	"PSC-1570"
"LCF="	"LCF-0398"
"LCFCals="	" -1.56 -1.57  0.00"
"ComputeList="	"/User/Configs/Comps/Std Flr Comp"
"BLCTable="	"/Sys/Lib/BLCTable_LCF"
"LightSource="	"6400-40 LCF"	1	0.16
"LogFormat="	"/User/Configs/LogFormats/Std Flr Log"
"LogCodes="	-35	-21	-36	30	23	36	-86	-88	-87	-89	-90	4202	4211	4212	4213	4206	4205	-81	4207	4215	4216	4220	4221	-96	4222	4223	21	25	-33	-34	-32	-9	-10	-8	-1	-2	-4	-5	-14	-15	-7	-12	-13	-11	-65	-66	-72	-23
"PromptList="	"/User/Configs/Prompts/Default (none)"
"Stability= (Photo 20s SLP<0.5)(Cond 20s SLP<0.01)(H2OS 20s SLP<1)(F 20s SLP<1)"
"13:25:07 "
$STARTOFDATA$
"Obs"	"HHMMSS"	"FTime"	"Photo"	"Cond"	"Ci"	"Fo"	"Fm"	"Fo'"	"Fm'"	"Fs"	"Fv/Fm"	"Fv'/Fm'"	"PhiPS2"	"Adark"	"RedAbs"	"BlueAbs"	"%Blue"	"LeafAbs"	"PhiCO2"	"qP"	"qN"	"NPQ"	"ParIn@Fs"	"PS2/1"	"ETR"	"Trmmol"	"VpdL"	"Area"	"StmRat"	"BLCond"	"Tair"	"Tleaf"	"TBlk"	"CO2R"	"CO2S"	"H2OR"	"H2OS"	"RH_R"	"RH_S"	"Flow"	"PARi"	"PARo"	"Press"	"CsMch"	"HsMch"	"StableF"	"Status"
1	"13:25:14"	12.5	-45.5	0.204	739	0.0	0.0	0.0	0.0	0.0	0.000	0.000	0.000	-1	0.850	0.850	0	0.850	-0.025	0.000	0.000	0.000	0.0	0.5	0.000	8.97	4.04	1.61	1	10.3	42.97	41.82	42.84	400.38	417.18	39.457	42.908	43.76	47.58	400.7	2086	131	96.2	14.2	-0.0861	0.2	111115
2	"13:25:19"	18.0	-3.89	0.208	402	0.0	0.0	0.0	0.0	0.0	0.000	0.000	0.000	-1	0.850	0.850	0	0.850	-0.002	0.000	0.000	0.000	0.0	0.5	0.000	9.08	4.01	1.61	1	10.3	42.97	41.78	42.80	400.43	400.53	39.476	42.971	43.77	47.65	400.5	2004	131	96.2	14.2	-0.0861	0.2	111115
3	"13:25:24"	23.0	12.5	0.212	275	0.0	0.0	0.0	0.0	0.0	0.000	0.000	0.000	-1	0.850	0.850	0	0.850	0.008	0.000	0.000	0.000	0.0	0.5	0.000	9.19	3.98	1.61	1	10.3	42.98	41.71	42.78	400.30	393.83	39.484	43.021	43.78	47.70	400.5	2001	128	96.2	14.2	-0.0861	0.2	111115
4	"13:25:30"	28.5	21.3	0.215	208	0.0	0.0	0.0	0.0	0.0	0.000	0.000	0.000	-1	0.850	0.850	0	0.850	0.013	0.000	0.000	0.000	0.0	0.5	0.000	9.26	3.96	1.61	1	10.3	42.98	41.67	42.77	400.35	390.33	39.502	43.066	43.80	47.75	400.4	2001	133	96.2	14.2	-0.0861	0.2	111115
5	"13:25:35"	34.0	25	0.218	182	0.0	0.0	0.0	0.0	0.0	0.000	0.000	0.000	-1	0.850	0.850	0	0.850	0.015	0.000	0.000	0.000	0.0	0.5	0.000	9.38	3.95	1.61	1	10.3	42.98	41.66	42.76	400.26	388.73	39.508	43.117	43.80	47.80	400.3	2001	134	96.2	14.2	-0.0861	0.2	111115
6	"13:25:40"	39.0	26.5	0.222	174	0.0	0.0	0.0	0.0	0.0	0.000	0.000	0.000	-1	0.850	0.850	0	0.850	0.016	0.000	0.000	0.000	0.0	0.5	0.000	9.47	3.93	1.61	1	10.3	42.98	41.63	42.76	400.16	388.02	39.503	43.147	43.80	47.84	400.3	2001	133	96.2	14.2	-0.0861	0.2	111115
7	"13:25:46"	44.5	27.4	0.223	168	0.0	0.0	0.0	0.0	0.0	0.000	0.000	0.000	-1	0.850	0.850	0	0.850	0.017	0.000	0.000	0.000	0.0	0.5	0.000	9.5	3.92	1.61	1	10.3	42.98	41.61	42.76	400.35	387.85	39.527	43.182	43.82	47.87	400.3	2001	134	96.2	14.2	-0.0861	0.2	111115
8	"13:25:51"	50.0	26.8	0.225	174	0.0	0.0	0.0	0.0	0.0	0.000	0.000	0.000	-1	0.850	0.850	0	0.850	0.016	0.000	0.000	0.000	0.0	0.5	0.000	9.58	3.92	1.61	1	10.3	42.98	41.61	42.77	400.34	388.05	39.532	43.217	43.82	47.91	400.4	2001	132	96.2	14.2	-0.0861	0.2	111115
9	"13:25:57"	55.5	25.7	0.227	184	0.0	0.0	0.0	0.0	0.0	0.000	0.000	0.000	-1	0.850	0.850	0	0.850	0.016	0.000	0.000	0.000	0.0	0.5	0.000	9.66	3.92	1.61	1	10.3	42.98	41.62	42.78	400.38	388.54	39.551	43.267	43.84	47.96	400.3	2001	139	96.2	14.2	-0.0861	0.2	111115
10	"13:26:02"	61.0	24.4	0.229	195	0.0	0.0	0.0	0.0	0.0	0.000	0.000	0.000	-1	0.850	0.850	0	0.850	0.015	0.000	0.000	0.000	0.0	0.5	0.000	9.71	3.91	1.61	1	10.3	42.98	41.61	42.78	400.45	389.12	39.560	43.296	43.85	47.99	400.4	2001	128	96.2	14.2	-0.0861	0.2	111115
11	"13:26:08"	66.5	22.9	0.231	208	0.0	0.0	0.0	0.0	0.0	0.000	0.000	0.000	-1	0.850	0.850	0	0.850	0.014	0.000	0.000	0.000	0.0	0.5	0.000	9.8	3.9	1.61	1	10.3	42.98	41.60	42.78	400.26	389.53	39.565	43.335	43.85	48.03	400.4	2001	126	96.2	14.2	-0.0861	0.2	111115
12	"13:26:13"	71.5	22.3	0.233	213	0.0	0.0	0.0	0.0	0.0	0.000	0.000	0.000	-1	0.850	0.850	0	0.850	0.014	0.000	0.000	0.000	0.0	0.5	0.000	9.86	3.9	1.61	1	10.3	42.98	41.60	42.78	400.25	389.73	39.565	43.360	43.85	48.05	400.4	2001	128	96.2	14.2	-0.0861	0.2	111115
13	"13:26:18"	76.5	21.8	0.234	217	0.0	0.0	0.0	0.0	0.0	0.000	0.000	0.000	-1	0.850	0.850	0	0.850	0.013	0.000	0.000	0.000	0.0	0.5	0.000	9.91	3.89	1.61	1	10.3	42.99	41.59	42.78	400.29	389.95	39.563	43.374	43.84	48.07	400.3	2001	128	96.2	14.2	-0.0861	0.2	111115
14	"13:26:23"	82.0	22.2	0.235	215	0.0	0.0	0.0	0.0	0.0	0.000	0.000	0.000	-1	0.850	0.850	0	0.850	0.014	0.000	0.000	0.000	0.0	0.5	0.000	9.93	3.88	1.61	1	10.3	42.99	41.57	42.78	400.43	389.95	39.567	43.386	43.85	48.08	400.3	2001	127	96.2	14.2	-0.0861	0.2	111115
15	"13:26:28"	87.0	21.9	0.236	218	0.0	0.0	0.0	0.0	0.0	0.000	0.000	0.000	-1	0.850	0.850	0	0.850	0.013	0.000	0.000	0.000	0.0	0.5	0.000	9.92	3.88	1.61	1	10.3	42.99	41.55	42.77	400.57	390.20	39.573	43.389	43.85	48.08	400.3	2001	124	96.2	14.2	-0.0861	0.2	111115
16	"13:26:33"	92.0	21.6	0.236	220	0.0	0.0	0.0	0.0	0.0	0.000	0.000	0.000	-1	0.850	0.850	0	0.850	0.013	0.000	0.000	0.000	0.0	0.5	0.000	9.93	3.88	1.61	1	10.3	42.99	41.57	42.77	400.42	390.18	39.571	43.391	43.84	48.08	400.3	2001	125	96.2	14.2	-0.0861	0.5	111115
17	"13:26:38"	97.0	21.7	0.235	219	0.0	0.0	0.0	0.0	0.0	0.000	0.000	0.000	-1	0.850	0.850	0	0.850	0.013	0.000	0.000	0.000	0.0	0.5	0.000	9.91	3.88	1.61	1	10.3	42.99	41.56	42.77	400.45	390.18	39.578	43.391	43.85	48.08	400.3	2001	126	96.2	14.2	-0.0861	0.5	111115
18	"13:26:43"	102.0	21.8	0.236	219	0.0	0.0	0.0	0.0	0.0	0.000	0.000	0.000	-1	0.850	0.850	0	0.850	0.013	0.000	0.000	0.000	0.0	0.5	0.000	9.93	3.88	1.61	1	10.3	42.99	41.55	42.76	400.31	390.00	39.577	43.399	43.85	48.08	400.2	2001	126	96.2	14.2	-0.0861	0.5	111115
19	"13:26:48"	107.0	22.1	0.236	216	0.0	0.0	0.0	0.0	0.0	0.000	0.000	0.000	-1	0.850	0.850	0	0.850	0.014	0.000	0.000	0.000	0.0	0.5	0.000	9.92	3.88	1.61	1	10.3	42.99	41.55	42.76	400.41	389.95	39.572	43.391	43.84	48.07	400.2	2001	126	96.2	14.2	-0.0861	0.5	111115
20	"13:26:53"	112.0	22.2	0.236	216	0.0	0.0	0.0	0.0	0.0	0.000	0.000	0.000	-1	0.850	0.850	0	0.850	0.014	0.000	0.000	0.000	0.0	0.5	0.000	9.93	3.88	1.61	1	10.3	42.99	41.56	42.76	400.36	389.88	39.572	43.392	43.83	48.07	400.3	2001	127	96.2	14.2	-0.0861	0.5	111115
21	"13:26:58"	117.0	22.5	0.235	213	0.0	0.0	0.0	0.0	0.0	0.000	0.000	0.000	-1	0.850	0.850	0	0.850	0.014	0.000	0.000	0.000	0.0	0.5	0.000	9.91	3.88	1.61	1	10.3	42.99	41.56	42.76	400.48	389.86	39.567	43.382	43.83	48.05	400.2	2001	128	96.2	14.2	-0.0861	0.5	111115
22	"13:27:03"	122.0	22.5	0.235	213	0.0	0.0	0.0	0.0	0.0	0.000	0.000	0.000	-1	0.850	0.850	0	0.850	0.014	0.000	0.000	0.000	0.0	0.5	0.000	9.9	3.89	1.61	1	10.3	43.00	41.57	42.76	400.37	389.78	39.571	43.381	43.83	48.05	400.2	2001	129	96.2	14.2	-0.0861	0.5	111115
23	"13:27:08"	127.0	22.5	0.235	213	0.0	0.0	0.0	0.0	0.0	0.000	0.000	0.000	-1	0.850	0.850	0	0.850	0.014	0.000	0.000	0.000	0.0	0.5	0.000	9.9	3.89	1.61	1	10.3	43.00	41.57	42.76	400.36	389.76	39.563	43.374	43.81	48.03	400.2	2000	127	96.2	14.2	-0.0861	0.5	111115
24	"13:27:13"	132.0	23.4	0.235	207	0.0	0.0	0.0	0.0	0.0	0.000	0.000	0.000	-1	0.850	0.850	0	0.850	0.014	0.000	0.000	0.000	0.0	0.5	0.000	9.91	3.89	1.61	1	10.3	43.00	41.58	42.76	400.67	389.71	39.558	43.371	43.81	48.03	400.3	2000	126	96.2	14.2	-0.0861	0.5	111115
25	"13:27:18"	137.0	23.2	0.234	207	0.0	0.0	0.0	0.0	0.0	0.000	0.000	0.000	-1	0.850	0.850	0	0.850	0.014	0.000	0.000	0.000	0.0	0.5	0.000	9.88	3.89	1.61	1	10.3	43.00	41.58	42.76	400.55	389.68	39.552	43.353	43.80	48.00	400.2	2000	125	96.2	14.2	-0.0861	0.5	111115
26	"13:27:23"	142.0	22.6	0.232	210	0.0	0.0	0.0	0.0	0.0	0.000	0.000	0.000	-1	0.850	0.850	0	0.850	0.014	0.000	0.000	0.000	0.0	0.5	0.000	9.82	3.9	1.61	1	10.3	43.00	41.60	42.76	400.25	389.61	39.561	43.342	43.80	47.99	400.2	2000	127	96.2	14.2	-0.0861	0.5	111115
27	"13:27:28"	147.0	23.4	0.232	205	0.0	0.0	0.0	0.0	0.0	0.000	0.000	0.000	-1	0.850	0.850	0	0.850	0.014	0.000	0.000	0.000	0.0	0.5	0.000	9.86	3.91	1.61	1	10.3	43.00	41.62	42.76	400.38	389.44	39.541	43.336	43.78	47.98	400.3	2000	127	96.2	14.2	-0.0861	0.5	111115
28	"13:27:33"	152.0	23.9	0.231	200	0.0	0.0	0.0	0.0	0.0	0.000	0.000	0.000	-1	0.850	0.850	0	0.850	0.015	0.000	0.000	0.000	0.0	0.5	0.000	9.83	3.92	1.61	1	10.3	43.00	41.63	42.77	400.67	389.51	39.539	43.324	43.78	47.97	400.2	2000	131	96.2	14.2	-0.0861	0.2	111115
29	"13:27:38"	157.0	23.2	0.231	205	0.0	0.0	0.0	0.0	0.0	0.000	0.000	0.000	-1	0.850	0.850	0	0.850	0.014	0.000	0.000	0.000	0.0	0.5	0.000	9.86	3.93	1.61	1	10.3	43.00	41.65	42.77	400.23	389.36	39.517	43.311	43.75	47.95	400.2	2001	136	96.2	14.2	-0.0861	0.5	111115
30	"13:27:43"	162.0	24.1	0.23	197	0.0	0.0	0.0	0.0	0.0	0.000	0.000	0.000	-1	0.850	0.850	0	0.850	0.015	0.000	0.000	0.000	0.0	0.5	0.000	9.8	3.93	1.61	1	10.3	43.00	41.65	42.77	400.50	389.26	39.525	43.295	43.76	47.93	400.3	2000	128	96.2	14.2	-0.0861	0.5	111115
31	"13:27:48"	167.0	24	0.228	197	0.0	0.0	0.0	0.0	0.0	0.000	0.000	0.000	-1	0.850	0.850	0	0.850	0.015	0.000	0.000	0.000	0.0	0.5	0.000	9.76	3.93	1.61	1	10.3	43.00	41.66	42.76	400.40	389.22	39.528	43.284	43.76	47.92	400.1	2000	127	96.2	14.2	-0.0861	0.2	111115
32	"13:27:53"	172.0	24	0.228	198	0.0	0.0	0.0	0.0	0.0	0.000	0.000	0.000	-1	0.850	0.850	0	0.850	0.015	0.000	0.000	0.000	0.0	0.5	0.000	9.77	3.94	1.61	1	10.3	43.01	41.67	42.77	400.42	389.24	39.515	43.276	43.74	47.90	400.2	2000	138	96.2	14.2	-0.0861	0.2	111115
33	"13:27:58"	177.0	24.4	0.228	195	0.0	0.0	0.0	0.0	0.0	0.000	0.000	0.000	-1	0.850	0.850	0	0.850	0.015	0.000	0.000	0.000	0.0	0.5	0.000	9.75	3.94	1.61	1	10.3	43.01	41.67	42.76	400.50	389.18	39.514	43.267	43.74	47.89	400.2	2000	135	96.2	14.2	-0.0861	0.5	111115
34	"13:28:03"	182.0	24	0.227	196	0.0	0.0	0.0	0.0	0.0	0.000	0.000	0.000	-1	0.850	0.850	0	0.850	0.015	0.000	0.000	0.000	0.0	0.5	0.000	9.74	3.95	1.61	1	10.3	43.01	41.70	42.77	400.39	389.22	39.503	43.252	43.72	47.87	400.2	2000	133	96.2	14.2	-0.0861	0.5	111115
35	"13:28:08"	187.0	24.6	0.227	192	0.0	0.0	0.0	0.0	0.0	0.000	0.000	0.000	-1	0.850	0.850	0	0.850	0.015	0.000	0.000	0.000	0.0	0.5	0.000	9.75	3.96	1.61	1	10.3	43.01	41.71	42.76	400.53	389.12	39.497	43.248	43.72	47.87	400.1	2001	131	96.2	14.2	-0.0861	0.5	111115
36	"13:28:13"	192.0	24.3	0.225	193	0.0	0.0	0.0	0.0	0.0	0.000	0.000	0.000	-1	0.850	0.850	0	0.850	0.015	0.000	0.000	0.000	0.0	0.5	0.000	9.7	3.96	1.61	1	10.3	43.01	41.72	42.77	400.43	389.13	39.507	43.241	43.73	47.86	400.2	2001	127	96.2	14.2	-0.0861	0.5	111115
37	"13:28:18"	197.0	24.4	0.226	193	0.0	0.0	0.0	0.0	0.0	0.000	0.000	0.000	-1	0.850	0.850	0	0.850	0.015	0.000	0.000	0.000	0.0	0.5	0.000	9.72	3.96	1.61	1	10.3	43.01	41.72	42.76	400.46	389.13	39.485	43.228	43.71	47.85	400.2	2001	129	96.2	14.2	-0.0861	0.5	111115
38	"13:28:23"	202.0	24.4	0.225	191	0.0	0.0	0.0	0.0	0.0	0.000	0.000	0.000	-1	0.850	0.850	0	0.850	0.015	0.000	0.000	0.000	0.0	0.5	0.000	9.7	3.97	1.61	1	10.3	43.01	41.74	42.76	400.37	389.02	39.484	43.216	43.71	47.84	400.2	2001	128	96.2	14.2	-0.0861	0.5	111115
39	"13:28:28"	207.0	25	0.224	187	0.0	0.0	0.0	0.0	0.0	0.000	0.000	0.000	-1	0.850	0.850	0	0.850	0.015	0.000	0.000	0.000	0.0	0.5	0.000	9.67	3.97	1.61	1	10.3	43.01	41.74	42.77	400.55	388.96	39.490	43.214	43.71	47.83	400.2	2001	126	96.2	14.2	-0.0861	0.5	111115
40	"13:28:33"	212.0	25.1	0.224	186	0.0	0.0	0.0	0.0	0.0	0.000	0.000	0.000	-1	0.850	0.850	0	0.850	0.015	0.000	0.000	0.000	0.0	0.5	0.000	9.67	3.98	1.61	1	10.3	43.01	41.74	42.77	400.61	388.98	39.486	43.208	43.71	47.83	400.1	2001	144	96.2	14.2	-0.0861	0.5	111115
41	"13:28:38"	217.0	24.6	0.223	189	0.0	0.0	0.0	0.0	0.0	0.000	0.000	0.000	-1	0.850	0.850	0	0.850	0.015	0.000	0.000	0.000	0.0	0.5	0.000	9.64	3.98	1.61	1	10.3	43.01	41.75	42.77	400.28	388.89	39.484	43.196	43.70	47.81	400.2	2001	144	96.2	14.2	-0.0861	0.5	111115
42	"13:28:43"	222.0	25.5	0.223	182	0.0	0.0	0.0	0.0	0.0	0.000	0.000	0.000	-1	0.850	0.850	0	0.850	0.016	0.000	0.000	0.000	0.0	0.5	0.000	9.65	3.98	1.61	1	10.3	43.01	41.76	42.77	400.66	388.88	39.482	43.196	43.70	47.81	400.1	2001	146	96.2	14.2	-0.0861	0.5	111115
43	"13:28:48"	227.0	25.2	0.222	184	0.0	0.0	0.0	0.0	0.0	0.000	0.000	0.000	-1	0.850	0.850	0	0.850	0.015	0.000	0.000	0.000	0.0	0.5	0.000	9.64	3.99	1.61	1	10.3	43.01	41.77	42.77	400.50	388.86	39.478	43.188	43.70	47.80	400.3	2001	145	96.2	14.2	-0.0861	0.5	111115
44	"13:28:53"	232.0	25.5	0.222	182	0.0	0.0	0.0	0.0	0.0	0.000	0.000	0.000	-1	0.850	0.850	0	0.850	0.016	0.000	0.000	0.000	0.0	0.5	0.000	9.64	3.99	1.61	1	10.3	43.01	41.77	42.77	400.61	388.85	39.476	43.189	43.69	47.80	400.1	2001	141	96.2	14.2	-0.0861	0.5	111115
45	"13:28:58"	237.0	25.1	0.223	185	0.0	0.0	0.0	0.0	0.0	0.000	0.000	0.000	-1	0.850	0.850	0	0.850	0.015	0.000	0.000	0.000	0.0	0.5	0.000	9.66	3.99	1.61	1	10.3	43.01	41.77	42.77	400.44	388.84	39.466	43.185	43.68	47.80	400.1	2001	133	96.2	14.2	-0.0861	0.5	111115
46	"13:29:03"	242.0	25.8	0.224	181	0.0	0.0	0.0	0.0	0.0	0.000	0.000	0.000	-1	0.850	0.850	0	0.850	0.016	0.000	0.000	0.000	0.0	0.5	0.000	9.72	3.99	1.61	1	10.3	43.01	41.77	42.76	400.68	388.78	39.451	43.192	43.67	47.81	400.2	2001	135	96.2	14.2	-0.0861	0.8	111115
47	"13:29:08"	247.0	25	0.223	186	0.0	0.0	0.0	0.0	0.0	0.000	0.000	0.000	-1	0.850	0.850	0	0.850	0.015	0.000	0.000	0.000	0.0	0.5	0.000	9.69	3.99	1.61	1	10.3	43.01	41.77	42.77	400.49	388.91	39.443	43.174	43.66	47.79	400.1	2001	134	96.2	14.2	-0.0861	0.5	111115
48	"13:29:14"	252.5	25.4	0.224	184	0.0	0.0	0.0	0.0	0.0	0.000	0.000	0.000	-1	0.850	0.850	0	0.850	0.016	0.000	0.000	0.000	0.0	0.5	0.000	9.75	4	1.61	1	10.3	43.01	41.78	42.77	400.64	388.89	39.413	43.167	43.63	47.78	400.3	2001	134	96.2	14.2	-0.0861	0.8	111115
49	"13:29:19"	258.0	25.1	0.223	185	0.0	0.0	0.0	0.0	0.0	0.000	0.000	0.000	-1	0.850	0.850	0	0.850	0.015	0.000	0.000	0.000	0.0	0.5	0.000	9.67	4	1.61	1	10.3	43.01	41.78	42.77	400.46	388.84	39.415	43.140	43.63	47.75	400.2	2001	140	96.2	14.2	-0.0861	0.8	111115
