"OPEN 5.3.2"
"Mon Jul 11 2011 13:39:04"
"Unit="	"PSC-1512"
"LCF="	"LCF-0428"
"LCFCals="	" -1.94 -2.02-2862.00"
"ComputeList="	"/User/Configs/Comps/Std Flr Comp"
"BLCTable="	"/Sys/Lib/BLCTable_LCF"
"LightSource="	"6400-40 LCF"	1	0.16
"LogFormat="	"/User/Configs/LogFormats/Std Flr Log"
"LogCodes="	-35	-21	-36	30	23	36	-86	-88	-87	-89	-90	4202	4211	4212	4213	4206	4205	-81	4207	4215	4216	4220	4221	-96	4222	4223	21	25	-33	-34	-32	-9	-10	-8	-1	-2	-4	-5	-14	-15	-7	-12	-13	-11	-65	-66	-72	-23
"PromptList="	"/User/Configs/Prompts/Default (none)"
"Stability= (Photo 20s SLP<0.5)(Cond 20s SLP<0.01)(H2OS 20s SLP<1)(F 20s SLP<1)"
"13:39:05 "
$STARTOFDATA$
"Obs"	"HHMMSS"	"FTime"	"Photo"	"Cond"	"Ci"	"Fo"	"Fm"	"Fo'"	"Fm'"	"Fs"	"Fv/Fm"	"Fv'/Fm'"	"PhiPS2"	"Adark"	"RedAbs"	"BlueAbs"	"%Blue"	"LeafAbs"	"PhiCO2"	"qP"	"qN"	"NPQ"	"ParIn@Fs"	"PS2/1"	"ETR"	"Trmmol"	"VpdL"	"Area"	"StmRat"	"BLCond"	"Tair"	"Tleaf"	"TBlk"	"CO2R"	"CO2S"	"H2OR"	"H2OS"	"RH_R"	"RH_S"	"Flow"	"PARi"	"PARo"	"Press"	"CsMch"	"HsMch"	"StableF"	"Status"
1	"13:39:12"	13.0	-57.6	0.052	2.08E+03	0.0	0.0	0.0	0.0	0.0	0.000	0.000	0.000	-1	0.850	0.850	9	0.850	-0.036	0.000	0.000	0.000	0.0	0.5	0.000	3.16	5.55	1.22	1	11.4	45.81	44.41	45.09	399.99	417.17	38.071	38.998	36.89	37.79	400.0	1876	98	97.34	-3.34	-0.769	0.0	111115
2	"13:39:17"	18.5	-18.6	0.0667	795	0.0	0.0	0.0	0.0	0.0	0.000	0.000	0.000	-1	0.850	0.850	9	0.850	-0.010	0.000	0.000	0.000	0.0	0.5	0.000	4.09	5.59	1.22	1	11.4	45.82	44.55	45.09	399.92	405.08	38.065	39.261	36.85	38.01	400.6	1978	98	97.34	-3.34	-0.769	0.0	111115
3	"13:39:23"	24.0	-2.07	0.0733	405	0.0	0.0	0.0	0.0	0.0	0.000	0.000	0.000	-1	0.850	0.850	9	0.850	-0.001	0.000	0.000	0.000	0.0	0.5	0.000	4.52	5.64	1.22	1	11.4	45.84	44.66	45.10	399.78	399.86	38.069	39.394	36.82	38.10	400.2	1987	100	97.34	-3.34	-0.769	0.0	111115
4	"13:39:28"	29.0	4.67	0.0752	265	0.0	0.0	0.0	0.0	0.0	0.000	0.000	0.000	-1	0.850	0.850	9	0.850	0.003	0.000	0.000	0.000	0.0	0.5	0.000	4.67	5.66	1.22	1	11.4	45.86	44.72	45.11	399.75	397.76	38.087	39.453	36.80	38.12	400.1	1987	103	97.34	-3.34	-0.769	0.0	111115
5	"13:39:33"	34.5	7.76	0.0772	205	0.0	0.0	0.0	0.0	0.0	0.000	0.000	0.000	-1	0.850	0.850	9	0.850	0.005	0.000	0.000	0.000	0.0	0.5	0.000	4.81	5.69	1.22	1	11.4	45.88	44.78	45.13	399.70	396.76	38.099	39.507	36.78	38.14	400.2	1987	104	97.34	-3.34	-0.769	0.0	111115
6	"13:39:39"	39.5	8.69	0.0771	186	0.0	0.0	0.0	0.0	0.0	0.000	0.000	0.000	-1	0.850	0.850	9	0.850	0.006	0.000	0.000	0.000	0.0	0.5	0.000	4.82	5.7	1.22	1	11.4	45.90	44.82	45.15	399.93	396.69	38.117	39.529	36.76	38.12	400.2	1987	103	97.34	-3.34	-0.769	0.2	111115
7	"13:39:44"	45.0	7.9	0.077	201	0.0	0.0	0.0	0.0	0.0	0.000	0.000	0.000	-1	0.850	0.850	9	0.850	0.005	0.000	0.000	0.000	0.0	0.5	0.000	4.83	5.73	1.22	1	11.4	45.91	44.87	45.18	399.77	396.77	38.130	39.545	36.74	38.11	400.2	1987	101	97.34	-3.34	-0.769	0.2	111115
8	"13:39:49"	50.5	6.97	0.0785	223	0.0	0.0	0.0	0.0	0.0	0.000	0.000	0.000	-1	0.850	0.850	9	0.850	0.005	0.000	0.000	0.000	0.0	0.5	0.000	4.94	5.74	1.22	1	11.4	45.93	44.91	45.21	399.85	397.13	38.125	39.571	36.71	38.10	400.3	1987	101	97.34	-3.34	-0.769	0.5	111115
9	"13:39:55"	56.0	5.33	0.0774	254	0.0	0.0	0.0	0.0	0.0	0.000	0.000	0.000	-1	0.850	0.850	9	0.850	0.004	0.000	0.000	0.000	0.0	0.5	0.000	4.88	5.76	1.22	1	11.4	45.95	44.94	45.23	399.68	397.46	38.149	39.578	36.70	38.07	400.3	1988	101	97.34	-3.34	-0.769	0.5	111115
10	"13:40:00"	61.0	4.98	0.0768	260	0.0	0.0	0.0	0.0	0.0	0.000	0.000	0.000	-1	0.850	0.850	9	0.850	0.004	0.000	0.000	0.000	0.0	0.5	0.000	4.85	5.77	1.22	1	11.4	45.96	44.96	45.24	399.84	397.73	38.159	39.580	36.68	38.05	400.3	1988	101	97.34	-3.34	-0.769	0.5	111115
11	"13:40:06"	66.5	3.97	0.0762	280	0.0	0.0	0.0	0.0	0.0	0.000	0.000	0.000	-1	0.850	0.850	9	0.850	0.003	0.000	0.000	0.000	0.0	0.5	0.000	4.82	5.77	1.22	1	11.4	45.97	44.97	45.25	399.62	397.82	38.179	39.591	36.68	38.03	400.3	1987	105	97.34	-3.34	-0.769	0.5	111115
12	"13:40:11"	72.0	4.76	0.0757	263	0.0	0.0	0.0	0.0	0.0	0.000	0.000	0.000	-1	0.850	0.850	9	0.850	0.003	0.000	0.000	0.000	0.0	0.5	0.000	4.79	5.77	1.22	1	11.4	45.99	44.97	45.25	399.74	397.71	38.189	39.590	36.65	38.00	400.2	1988	104	97.34	-3.34	-0.769	0.5	111115
13	"13:40:16"	77.5	4.82	0.0742	259	0.0	0.0	0.0	0.0	0.0	0.000	0.000	0.000	-1	0.850	0.850	9	0.850	0.003	0.000	0.000	0.000	0.0	0.5	0.000	4.7	5.78	1.22	1	11.4	46.00	45.00	45.26	399.53	397.49	38.207	39.584	36.65	37.97	400.2	1988	105	97.34	-3.34	-0.769	0.5	111115
14	"13:40:22"	83.0	5.95	0.0738	235	0.0	0.0	0.0	0.0	0.0	0.000	0.000	0.000	-1	0.850	0.850	9	0.850	0.004	0.000	0.000	0.000	0.0	0.5	0.000	4.68	5.78	1.22	1	11.4	46.02	44.98	45.25	399.63	397.24	38.222	39.591	36.64	37.95	400.1	1988	105	97.34	-3.34	-0.769	0.5	111115
15	"13:40:27"	88.5	6.2	0.0729	228	0.0	0.0	0.0	0.0	0.0	0.000	0.000	0.000	-1	0.850	0.850	9	0.850	0.004	0.000	0.000	0.000	0.0	0.5	0.000	4.63	5.79	1.22	1	11.4	46.03	45.01	45.25	399.55	397.10	38.228	39.584	36.63	37.93	400.1	1989	105	97.34	-3.34	-0.769	0.5	111115
16	"13:40:33"	94.0	6.99	0.0722	210	0.0	0.0	0.0	0.0	0.0	0.000	0.000	0.000	-1	0.850	0.850	9	0.850	0.005	0.000	0.000	0.000	0.0	0.5	0.000	4.58	5.79	1.22	1	11.4	46.03	45.00	45.25	399.59	396.91	38.238	39.580	36.62	37.91	400.1	1989	102	97.34	-3.34	-0.769	0.5	111115
17	"13:40:38"	99.5	6.89	0.0713	210	0.0	0.0	0.0	0.0	0.0	0.000	0.000	0.000	-1	0.850	0.850	9	0.850	0.005	0.000	0.000	0.000	0.0	0.5	0.000	4.53	5.79	1.22	1	11.4	46.04	45.02	45.26	399.46	396.81	38.255	39.583	36.62	37.89	400.1	1990	101	97.34	-3.34	-0.769	0.5	111115
18	"13:40:44"	105.0	7.42	0.0701	196	0.0	0.0	0.0	0.0	0.0	0.000	0.000	0.000	-1	0.850	0.850	9	0.850	0.005	0.000	0.000	0.000	0.0	0.5	0.000	4.46	5.8	1.22	1	11.4	46.04	45.02	45.26	399.52	396.72	38.265	39.571	36.63	37.88	400.1	1990	98	97.34	-3.34	-0.769	0.5	111115
19	"13:40:49"	110.0	7.39	0.0701	197	0.0	0.0	0.0	0.0	0.0	0.000	0.000	0.000	-1	0.850	0.850	9	0.850	0.005	0.000	0.000	0.000	0.0	0.5	0.000	4.46	5.79	1.22	1	11.4	46.05	45.01	45.26	399.46	396.67	38.264	39.570	36.62	37.87	400.0	1990	97	97.34	-3.34	-0.769	0.5	111115
20	"13:40:54"	115.5	7.83	0.0702	187	0.0	0.0	0.0	0.0	0.0	0.000	0.000	0.000	-1	0.850	0.850	9	0.850	0.005	0.000	0.000	0.000	0.0	0.5	0.000	4.47	5.8	1.22	1	11.4	46.05	45.03	45.27	399.48	396.55	38.253	39.562	36.60	37.86	400.2	1990	98	97.34	-3.34	-0.769	0.5	111115
21	"13:40:59"	120.5	7.49	0.0698	194	0.0	0.0	0.0	0.0	0.0	0.000	0.000	0.000	-1	0.850	0.850	9	0.850	0.005	0.000	0.000	0.000	0.0	0.5	0.000	4.45	5.81	1.22	1	11.4	46.05	45.04	45.27	399.36	396.54	38.244	39.549	36.59	37.84	399.9	1987	101	97.34	-3.34	-0.769	0.5	111115
22	"13:41:04"	125.5	7.53	0.0685	190	0.0	0.0	0.0	0.0	0.0	0.000	0.000	0.000	-1	0.850	0.850	9	0.850	0.005	0.000	0.000	0.000	0.0	0.5	0.000	4.37	5.81	1.22	1	11.4	46.06	45.04	45.28	399.32	396.49	38.257	39.537	36.59	37.82	399.9	1988	101	97.34	-3.34	-0.769	0.5	111115
23	"13:41:09"	130.5	7.64	0.0684	187	0.0	0.0	0.0	0.0	0.0	0.000	0.000	0.000	-1	0.850	0.850	9	0.850	0.005	0.000	0.000	0.000	0.0	0.5	0.000	4.36	5.81	1.22	1	11.4	46.06	45.05	45.29	399.36	396.50	38.258	39.536	36.59	37.81	400.0	1988	101	97.34	-3.34	-0.769	0.8	111115
24	"13:41:14"	135.5	7.55	0.0675	187	0.0	0.0	0.0	0.0	0.0	0.000	0.000	0.000	-1	0.850	0.850	9	0.850	0.005	0.000	0.000	0.000	0.0	0.5	0.000	4.3	5.81	1.22	1	11.4	46.07	45.04	45.29	399.30	396.48	38.276	39.537	36.59	37.80	400.0	1988	99	97.34	-3.34	-0.769	0.8	111115
25	"13:41:19"	140.5	7.98	0.0674	177	0.0	0.0	0.0	0.0	0.0	0.000	0.000	0.000	-1	0.850	0.850	9	0.850	0.005	0.000	0.000	0.000	0.0	0.5	0.000	4.3	5.81	1.22	1	11.4	46.07	45.04	45.30	399.37	396.42	38.271	39.530	36.58	37.79	400.0	1988	99	97.34	-3.34	-0.769	0.8	111115
26	"13:41:24"	145.5	7.81	0.0674	180	0.0	0.0	0.0	0.0	0.0	0.000	0.000	0.000	-1	0.850	0.850	9	0.850	0.005	0.000	0.000	0.000	0.0	0.5	0.000	4.31	5.82	1.22	1	11.4	46.08	45.07	45.31	399.37	396.47	38.266	39.527	36.56	37.77	400.0	1988	99	97.34	-3.34	-0.769	0.5	111115
27	"13:41:29"	150.5	7.53	0.0674	187	0.0	0.0	0.0	0.0	0.0	0.000	0.000	0.000	-1	0.850	0.850	9	0.850	0.005	0.000	0.000	0.000	0.0	0.5	0.000	4.31	5.82	1.22	1	11.4	46.08	45.05	45.32	399.25	396.44	38.257	39.519	36.54	37.75	400.0	1988	98	97.34	-3.34	-0.769	0.8	111115
28	"13:41:34"	155.5	7.72	0.0665	180	0.0	0.0	0.0	0.0	0.0	0.000	0.000	0.000	-1	0.850	0.850	9	0.850	0.005	0.000	0.000	0.000	0.0	0.5	0.000	4.25	5.82	1.22	1	11.4	46.09	45.05	45.33	399.28	396.41	38.267	39.512	36.54	37.73	400.0	1989	99	97.34	-3.34	-0.769	0.5	111115
29	"13:41:39"	160.5	8.05	0.0656	170	0.0	0.0	0.0	0.0	0.0	0.000	0.000	0.000	-1	0.850	0.850	9	0.850	0.005	0.000	0.000	0.000	0.0	0.5	0.000	4.19	5.82	1.22	1	11.4	46.10	45.05	45.33	399.32	396.36	38.287	39.514	36.55	37.72	400.0	1989	99	97.34	-3.34	-0.769	0.8	111115
30	"13:41:44"	165.5	7.44	0.0657	184	0.0	0.0	0.0	0.0	0.0	0.000	0.000	0.000	-1	0.850	0.850	9	0.850	0.005	0.000	0.000	0.000	0.0	0.5	0.000	4.2	5.82	1.22	1	11.4	46.10	45.06	45.34	399.26	396.49	38.282	39.511	36.53	37.70	400.0	1988	100	97.34	-3.34	-0.769	0.8	111115
