"OPEN 5.3.2"
"Mon Jul 11 2011 11:46:48"
"Unit="	"PSC-1570"
"LCF="	"LCF-0398"
"LCFCals="	" -1.56 -1.57  0.00"
"ComputeList="	"/User/Configs/Comps/Std Flr Comp"
"BLCTable="	"/Sys/Lib/BLCTable_LCF"
"LightSource="	"6400-40 LCF"	1	0.16
"LogFormat="	"/User/Configs/LogFormats/Std Flr Log"
"LogCodes="	-35	-21	-36	30	23	36	-86	-88	-87	-89	-90	4202	4211	4212	4213	4206	4205	-81	4207	4215	4216	4220	4221	-96	4222	4223	21	25	-33	-34	-32	-9	-10	-8	-1	-2	-4	-5	-14	-15	-7	-12	-13	-11	-65	-66	-72	-23
"PromptList="	"/User/Configs/Prompts/Default (none)"
"Stability= (Photo 20s SLP<0.5)(Cond 20s SLP<0.01)(H2OS 20s SLP<1)(F 20s SLP<1)"
"11:46:48 "
$STARTOFDATA$
"Obs"	"HHMMSS"	"FTime"	"Photo"	"Cond"	"Ci"	"Fo"	"Fm"	"Fo'"	"Fm'"	"Fs"	"Fv/Fm"	"Fv'/Fm'"	"PhiPS2"	"Adark"	"RedAbs"	"BlueAbs"	"%Blue"	"LeafAbs"	"PhiCO2"	"qP"	"qN"	"NPQ"	"ParIn@Fs"	"PS2/1"	"ETR"	"Trmmol"	"VpdL"	"Area"	"StmRat"	"BLCond"	"Tair"	"Tleaf"	"TBlk"	"CO2R"	"CO2S"	"H2OR"	"H2OS"	"RH_R"	"RH_S"	"Flow"	"PARi"	"PARo"	"Press"	"CsMch"	"HsMch"	"StableF"	"Status"
1	"11:46:55"	11.5	6.96	0.0352	60.5	0.0	0.0	0.0	0.0	0.0	0.000	0.000	0.000	-1	0.850	0.850	0	0.850	0.004	0.000	0.000	0.000	0.0	0.5	0.000	1.83	4.72	1.22	1	11.4	38.61	41.27	38.43	399.55	397.21	32.799	33.337	45.87	46.62	400.9	2101	116	96.2	15	-0.0665	0.2	111115
2	"11:47:00"	17.0	4.99	0.0339	139	0.0	0.0	0.0	0.0	0.0	0.000	0.000	0.000	-1	0.850	0.850	0	0.850	0.004	0.000	0.000	0.000	0.0	0.5	0.000	1.77	4.75	1.22	1	11.4	38.63	41.34	38.42	399.74	398.01	32.820	33.342	45.83	46.56	400.8	2005	117	96.2	15	-0.0665	0.2	111115
3	"11:47:05"	22.5	4.29	0.0325	163	0.0	0.0	0.0	0.0	0.0	0.000	0.000	0.000	-1	0.850	0.850	0	0.850	0.003	0.000	0.000	0.000	0.0	0.5	0.000	1.7	4.76	1.22	1	11.4	38.65	41.35	38.42	399.79	398.28	32.850	33.350	45.83	46.53	400.7	1999	114	96.2	15	-0.0665	0.2	111115
4	"11:47:11"	27.5	2.6	0.0321	242	0.0	0.0	0.0	0.0	0.0	0.000	0.000	0.000	-1	0.850	0.850	0	0.850	0.002	0.000	0.000	0.000	0.0	0.5	0.000	1.68	4.75	1.22	1	11.4	38.67	41.34	38.42	399.44	398.45	32.873	33.367	45.82	46.51	400.7	1999	113	96.2	15	-0.0665	0.2	111115
5	"11:47:16"	33.0	2.83	0.0307	225	0.0	0.0	0.0	0.0	0.0	0.000	0.000	0.000	-1	0.850	0.850	0	0.850	0.002	0.000	0.000	0.000	0.0	0.5	0.000	1.6	4.74	1.22	1	11.4	38.68	41.32	38.42	399.47	398.41	32.897	33.368	45.83	46.48	400.6	1999	113	96.2	15	-0.0665	0.2	111115
6	"11:47:21"	38.0	3.28	0.0311	204	0.0	0.0	0.0	0.0	0.0	0.000	0.000	0.000	-1	0.850	0.850	0	0.850	0.003	0.000	0.000	0.000	0.0	0.5	0.000	1.63	4.75	1.22	1	11.4	38.69	41.33	38.42	399.53	398.33	32.902	33.381	45.80	46.47	400.6	1999	114	96.2	15	-0.0665	0.5	111115
7	"11:47:26"	43.0	3.15	0.03	205	0.0	0.0	0.0	0.0	0.0	0.000	0.000	0.000	-1	0.850	0.850	0	0.850	0.002	0.000	0.000	0.000	0.0	0.5	0.000	1.57	4.74	1.22	1	11.4	38.70	41.33	38.42	399.47	398.32	32.928	33.389	45.81	46.45	400.5	1999	117	96.2	15	-0.0665	0.5	111115
8	"11:47:31"	48.5	2.97	0.0306	217	0.0	0.0	0.0	0.0	0.0	0.000	0.000	0.000	-1	0.850	0.850	0	0.850	0.002	0.000	0.000	0.000	0.0	0.5	0.000	1.6	4.75	1.22	1	11.4	38.71	41.35	38.43	399.47	398.37	32.941	33.412	45.80	46.46	400.5	1999	117	96.2	15	-0.0665	0.8	111115
9	"11:47:36"	53.5	3.54	0.0293	181	0.0	0.0	0.0	0.0	0.0	0.000	0.000	0.000	-1	0.850	0.850	0	0.850	0.003	0.000	0.000	0.000	0.0	0.5	0.000	1.53	4.73	1.22	1	11.4	38.72	41.30	38.43	399.70	398.43	32.964	33.414	45.81	46.43	400.4	1999	117	96.2	15	-0.0665	0.5	111115
10	"11:47:41"	58.5	2.39	0.0288	238	0.0	0.0	0.0	0.0	0.0	0.000	0.000	0.000	-1	0.850	0.850	0	0.850	0.002	0.000	0.000	0.000	0.0	0.5	0.000	1.5	4.74	1.22	1	11.4	38.73	41.33	38.43	399.27	398.36	32.982	33.425	45.80	46.42	400.4	1999	117	96.2	15	-0.0665	0.5	111115
11	"11:47:46"	63.5	3.11	0.029	201	0.0	0.0	0.0	0.0	0.0	0.000	0.000	0.000	-1	0.850	0.850	0	0.850	0.002	0.000	0.000	0.000	0.0	0.5	0.000	1.51	4.75	1.22	1	11.4	38.74	41.35	38.44	399.34	398.21	32.991	33.437	45.79	46.41	400.4	1999	113	96.2	15	-0.0665	0.5	111115
12	"11:47:51"	68.5	3.32	0.0282	185	0.0	0.0	0.0	0.0	0.0	0.000	0.000	0.000	-1	0.850	0.850	0	0.850	0.003	0.000	0.000	0.000	0.0	0.5	0.000	1.47	4.73	1.22	1	11.4	38.75	41.31	38.44	399.46	398.27	33.017	33.448	45.80	46.40	400.4	1999	111	96.2	15	-0.0665	0.8	111115
13	"11:47:56"	73.5	2.84	0.0277	208	0.0	0.0	0.0	0.0	0.0	0.000	0.000	0.000	-1	0.850	0.850	0	0.850	0.002	0.000	0.000	0.000	0.0	0.5	0.000	1.45	4.75	1.22	1	11.4	38.76	41.35	38.45	399.36	398.32	33.029	33.454	45.80	46.39	400.4	1998	108	96.2	15	-0.0665	0.5	111115
14	"11:48:01"	78.5	2.76	0.0275	212	0.0	0.0	0.0	0.0	0.0	0.000	0.000	0.000	-1	0.850	0.850	0	0.850	0.002	0.000	0.000	0.000	0.0	0.5	0.000	1.44	4.76	1.22	1	11.4	38.77	41.39	38.45	399.34	398.33	33.037	33.462	45.79	46.37	400.3	1998	102	96.2	15	-0.0665	0.5	111115
15	"11:48:06"	83.5	3.24	0.0274	184	0.0	0.0	0.0	0.0	0.0	0.000	0.000	0.000	-1	0.850	0.850	0	0.850	0.002	0.000	0.000	0.000	0.0	0.5	0.000	1.43	4.75	1.22	1	11.4	38.78	41.36	38.46	399.42	398.26	33.048	33.471	45.78	46.36	400.3	1999	103	96.2	15	-0.0665	0.5	111115
16	"11:48:11"	88.5	2.62	0.0271	217	0.0	0.0	0.0	0.0	0.0	0.000	0.000	0.000	-1	0.850	0.850	0	0.850	0.002	0.000	0.000	0.000	0.0	0.5	0.000	1.42	4.75	1.22	1	11.4	38.79	41.36	38.46	399.30	398.33	33.067	33.484	45.78	46.36	400.3	1999	104	96.2	15	-0.0665	0.5	111115
17	"11:48:16"	93.5	3.2	0.0267	182	0.0	0.0	0.0	0.0	0.0	0.000	0.000	0.000	-1	0.850	0.850	0	0.850	0.002	0.000	0.000	0.000	0.0	0.5	0.000	1.4	4.76	1.22	1	11.4	38.80	41.38	38.47	399.37	398.22	33.076	33.488	45.77	46.34	400.3	1998	106	96.2	15	-0.0665	0.5	111115
18	"11:48:21"	98.5	3.09	0.0269	189	0.0	0.0	0.0	0.0	0.0	0.000	0.000	0.000	-1	0.850	0.850	0	0.850	0.002	0.000	0.000	0.000	0.0	0.5	0.000	1.41	4.76	1.22	1	11.4	38.81	41.40	38.48	399.30	398.18	33.083	33.498	45.76	46.33	400.3	1998	102	96.2	15	-0.0665	0.5	111115
19	"11:48:26"	103.5	2.83	0.0259	198	0.0	0.0	0.0	0.0	0.0	0.000	0.000	0.000	-1	0.850	0.850	0	0.850	0.002	0.000	0.000	0.000	0.0	0.5	0.000	1.36	4.76	1.22	1	11.4	38.82	41.39	38.48	399.15	398.12	33.104	33.504	45.77	46.32	400.3	1998	102	96.2	15	-0.0665	0.8	111115
20	"11:48:31"	108.5	2.57	0.026	215	0.0	0.0	0.0	0.0	0.0	0.000	0.000	0.000	-1	0.850	0.850	0	0.850	0.002	0.000	0.000	0.000	0.0	0.5	0.000	1.37	4.76	1.22	1	11.4	38.83	41.40	38.49	399.24	398.29	33.114	33.516	45.76	46.31	400.3	1998	103	96.2	15	-0.0665	0.8	111115
21	"11:48:36"	113.5	3.04	0.0257	184	0.0	0.0	0.0	0.0	0.0	0.000	0.000	0.000	-1	0.850	0.850	0	0.850	0.002	0.000	0.000	0.000	0.0	0.5	0.000	1.34	4.75	1.22	1	11.4	38.84	41.38	38.49	399.30	398.21	33.127	33.523	45.76	46.30	400.3	1998	103	96.2	15	-0.0665	0.8	111115
22	"11:48:41"	118.5	2.73	0.0247	196	0.0	0.0	0.0	0.0	0.0	0.000	0.000	0.000	-1	0.850	0.850	0	0.850	0.002	0.000	0.000	0.000	0.0	0.5	0.000	1.3	4.77	1.22	1	11.4	38.84	41.43	38.50	399.19	398.20	33.149	33.531	45.76	46.29	400.3	1998	102	96.2	15	-0.0665	0.8	111115
23	"11:48:46"	123.5	2.46	0.0243	210	0.0	0.0	0.0	0.0	0.0	0.000	0.000	0.000	-1	0.850	0.850	0	0.850	0.002	0.000	0.000	0.000	0.0	0.5	0.000	1.28	4.78	1.22	1	11.4	38.86	41.45	38.51	399.19	398.29	33.166	33.542	45.76	46.28	400.3	1998	103	96.2	15	-0.0665	0.5	111115
24	"11:48:51"	128.5	2.67	0.0252	203	0.0	0.0	0.0	0.0	0.0	0.000	0.000	0.000	-1	0.850	0.850	0	0.850	0.002	0.000	0.000	0.000	0.0	0.5	0.000	1.32	4.77	1.22	1	11.4	38.86	41.43	38.52	399.14	398.16	33.167	33.557	45.74	46.28	400.2	1998	105	96.2	15	-0.0665	0.5	111115
25	"11:48:56"	133.5	2.12	0.0238	229	0.0	0.0	0.0	0.0	0.0	0.000	0.000	0.000	-1	0.850	0.850	0	0.850	0.002	0.000	0.000	0.000	0.0	0.5	0.000	1.25	4.77	1.22	1	11.4	38.87	41.43	38.52	398.96	398.16	33.197	33.566	45.76	46.27	400.2	1998	106	96.2	15	-0.0665	0.5	111115
