"OPEN 5.3.2"
"Mon Jul 11 2011 12:08:44"
"Unit="	"PSC-1570"
"LCF="	"LCF-0398"
"LCFCals="	" -1.56 -1.57  0.00"
"ComputeList="	"/User/Configs/Comps/Std Flr Comp"
"BLCTable="	"/Sys/Lib/BLCTable_LCF"
"LightSource="	"6400-40 LCF"	1	0.16
"LogFormat="	"/User/Configs/LogFormats/Std Flr Log"
"LogCodes="	-35	-21	-36	30	23	36	-86	-88	-87	-89	-90	4202	4211	4212	4213	4206	4205	-81	4207	4215	4216	4220	4221	-96	4222	4223	21	25	-33	-34	-32	-9	-10	-8	-1	-2	-4	-5	-14	-15	-7	-12	-13	-11	-65	-66	-72	-23
"PromptList="	"/User/Configs/Prompts/Default (none)"
"Stability= (Photo 20s SLP<0.5)(Cond 20s SLP<0.01)(H2OS 20s SLP<1)(F 20s SLP<1)"
"12:08:44 "
$STARTOFDATA$
"Obs"	"HHMMSS"	"FTime"	"Photo"	"Cond"	"Ci"	"Fo"	"Fm"	"Fo'"	"Fm'"	"Fs"	"Fv/Fm"	"Fv'/Fm'"	"PhiPS2"	"Adark"	"RedAbs"	"BlueAbs"	"%Blue"	"LeafAbs"	"PhiCO2"	"qP"	"qN"	"NPQ"	"ParIn@Fs"	"PS2/1"	"ETR"	"Trmmol"	"VpdL"	"Area"	"StmRat"	"BLCond"	"Tair"	"Tleaf"	"TBlk"	"CO2R"	"CO2S"	"H2OR"	"H2OS"	"RH_R"	"RH_S"	"Flow"	"PARi"	"PARo"	"Press"	"CsMch"	"HsMch"	"StableF"	"Status"
1	"12:08:51"	11.0	-5.61	0.00165	5.57E+03	0.0	0.0	0.0	0.0	0.0	0.000	0.000	0.000	-1	0.850	0.850	0	0.850	-0.003	0.000	0.000	0.000	0.0	0.5	0.000	0.0914	4.99	1.08	1	11.8	41.29	42.58	41.09	400.07	401.57	36.449	36.473	44.17	44.20	400.5	2089	148	96.2	14.8	-0.0864	0.0	111115
2	"12:08:56"	16.5	-0.212	0.0115	395	0.0	0.0	0.0	0.0	0.0	0.000	0.000	0.000	-1	0.850	0.850	0	0.850	0.000	0.000	0.000	0.000	0.0	0.5	0.000	0.622	4.87	1.08	1	11.8	41.32	42.35	41.10	400.34	400.33	36.463	36.624	44.10	44.30	400.4	2007	147	96.2	14.8	-0.0864	0.0	111115
3	"12:09:02"	22.0	0.789	0.0168	295	0.0	0.0	0.0	0.0	0.0	0.000	0.000	0.000	-1	0.850	0.850	0	0.850	0.001	0.000	0.000	0.000	0.0	0.5	0.000	0.91	4.89	1.08	1	11.8	41.35	42.40	41.12	400.10	399.79	36.468	36.704	44.04	44.33	400.4	2001	147	96.2	14.8	-0.0864	0.0	111115
4	"12:09:07"	27.5	2.07	0.0192	201	0.0	0.0	0.0	0.0	0.0	0.000	0.000	0.000	-1	0.850	0.850	0	0.850	0.002	0.000	0.000	0.000	0.0	0.5	0.000	1.04	4.87	1.08	1	11.8	41.38	42.37	41.14	400.06	399.39	36.490	36.759	44.01	44.33	400.4	2001	149	96.2	14.8	-0.0864	0.0	111115
5	"12:09:13"	33.0	1.84	0.0206	229	0.0	0.0	0.0	0.0	0.0	0.000	0.000	0.000	-1	0.850	0.850	0	0.850	0.002	0.000	0.000	0.000	0.0	0.5	0.000	1.1	4.82	1.08	1	11.8	41.40	42.26	41.16	399.95	399.33	36.499	36.784	43.96	44.30	400.3	2001	148	96.2	14.8	-0.0864	0.2	111115
6	"12:09:18"	38.5	2.39	0.0199	180	0.0	0.0	0.0	0.0	0.0	0.000	0.000	0.000	-1	0.850	0.850	0	0.850	0.002	0.000	0.000	0.000	0.0	0.5	0.000	1.12	5.09	1.08	1	11.8	41.43	42.87	41.18	399.99	399.22	36.515	36.806	43.92	44.27	400.3	2001	148	96.2	14.8	-0.0864	0.2	111115
7	"12:09:24"	44.0	2.14	0.0206	205	0.0	0.0	0.0	0.0	0.0	0.000	0.000	0.000	-1	0.850	0.850	0	0.850	0.002	0.000	0.000	0.000	0.0	0.5	0.000	1.15	5.05	1.08	1	11.8	41.45	42.79	41.20	399.87	399.17	36.529	36.828	43.88	44.24	400.3	2001	148	96.2	14.8	-0.0864	0.2	111115
8	"12:09:29"	49.5	2.35	0.0213	196	0.0	0.0	0.0	0.0	0.0	0.000	0.000	0.000	-1	0.850	0.850	0	0.850	0.002	0.000	0.000	0.000	0.0	0.5	0.000	1.19	5.03	1.08	1	11.8	41.48	42.74	41.22	399.94	399.18	36.530	36.838	43.83	44.20	400.3	2001	148	96.2	14.8	-0.0864	0.5	111115
9	"12:09:34"	54.5	1.89	0.0212	228	0.0	0.0	0.0	0.0	0.0	0.000	0.000	0.000	-1	0.850	0.850	0	0.850	0.002	0.000	0.000	0.000	0.0	0.5	0.000	1.18	5.02	1.08	1	11.8	41.50	42.73	41.24	399.85	399.21	36.545	36.850	43.80	44.16	400.3	2001	146	96.2	14.8	-0.0864	0.8	111115
10	"12:09:40"	60.0	2.41	0.0205	185	0.0	0.0	0.0	0.0	0.0	0.000	0.000	0.000	-1	0.850	0.850	0	0.850	0.002	0.000	0.000	0.000	0.0	0.5	0.000	1.14	5.03	1.08	1	11.8	41.52	42.75	41.25	399.88	399.10	36.562	36.860	43.76	44.12	400.2	2001	147	96.2	14.8	-0.0864	0.5	111115
11	"12:09:45"	65.5	2.55	0.0208	178	0.0	0.0	0.0	0.0	0.0	0.000	0.000	0.000	-1	0.850	0.850	0	0.850	0.002	0.000	0.000	0.000	0.0	0.5	0.000	1.17	5.05	1.08	1	11.8	41.54	42.81	41.28	399.87	399.06	36.571	36.874	43.72	44.08	400.2	2001	147	96.2	14.8	-0.0864	0.5	111115
12	"12:09:51"	71.0	2.35	0.0207	191	0.0	0.0	0.0	0.0	0.0	0.000	0.000	0.000	-1	0.850	0.850	0	0.850	0.002	0.000	0.000	0.000	0.0	0.5	0.000	1.16	5.06	1.08	1	11.8	41.57	42.82	41.30	399.92	399.16	36.593	36.894	43.69	44.05	400.2	2001	147	96.2	14.8	-0.0864	0.5	111115
13	"12:09:56"	76.5	2.52	0.0205	177	0.0	0.0	0.0	0.0	0.0	0.000	0.000	0.000	-1	0.850	0.850	0	0.850	0.002	0.000	0.000	0.000	0.0	0.5	0.000	1.16	5.08	1.08	1	11.8	41.59	42.88	41.32	399.88	399.07	36.607	36.907	43.65	44.01	400.2	2001	146	96.2	14.8	-0.0864	0.5	111115
14	"12:10:01"	82.0	1.98	0.0208	219	0.0	0.0	0.0	0.0	0.0	0.000	0.000	0.000	-1	0.850	0.850	0	0.850	0.002	0.000	0.000	0.000	0.0	0.5	0.000	1.17	5.09	1.08	1	11.8	41.61	42.89	41.34	399.79	399.14	36.612	36.917	43.60	43.97	400.2	2001	146	96.2	14.8	-0.0864	0.5	111115
15	"12:10:06"	87.0	2.79	0.0205	156	0.0	0.0	0.0	0.0	0.0	0.000	0.000	0.000	-1	0.850	0.850	0	0.850	0.002	0.000	0.000	0.000	0.0	0.5	0.000	1.16	5.08	1.08	1	11.8	41.64	42.89	41.36	399.91	399.04	36.626	36.927	43.57	43.93	400.2	2000	148	96.2	14.8	-0.0864	0.5	111115
16	"12:10:11"	92.0	1.81	0.0206	230	0.0	0.0	0.0	0.0	0.0	0.000	0.000	0.000	-1	0.850	0.850	0	0.850	0.002	0.000	0.000	0.000	0.0	0.5	0.000	1.16	5.07	1.08	1	11.8	41.66	42.85	41.38	399.63	399.01	36.635	36.935	43.53	43.89	400.1	2000	148	96.2	14.8	-0.0864	0.5	111115
17	"12:10:16"	97.0	2.93	0.0206	147	0.0	0.0	0.0	0.0	0.0	0.000	0.000	0.000	-1	0.850	0.850	0	0.850	0.002	0.000	0.000	0.000	0.0	0.5	0.000	1.16	5.06	1.08	1	11.8	41.68	42.84	41.40	399.87	398.95	36.646	36.947	43.50	43.85	400.1	2000	148	96.2	14.8	-0.0864	0.5	111115
18	"12:10:21"	102.0	2.41	0.021	189	0.0	0.0	0.0	0.0	0.0	0.000	0.000	0.000	-1	0.850	0.850	0	0.850	0.002	0.000	0.000	0.000	0.0	0.5	0.000	1.18	5.09	1.08	1	11.8	41.70	42.90	41.42	399.73	398.95	36.648	36.956	43.46	43.82	400.1	2000	147	96.2	14.8	-0.0864	0.5	111115
19	"12:10:26"	107.0	2.77	0.0195	147	0.0	0.0	0.0	0.0	0.0	0.000	0.000	0.000	-1	0.850	0.850	0	0.850	0.002	0.000	0.000	0.000	0.0	0.5	0.000	1.12	5.15	1.08	1	11.8	41.72	43.05	41.44	399.83	398.96	36.675	36.965	43.44	43.79	400.1	2000	146	96.2	14.8	-0.0864	0.5	111115
20	"12:10:31"	112.0	2.38	0.0203	184	0.0	0.0	0.0	0.0	0.0	0.000	0.000	0.000	-1	0.850	0.850	0	0.850	0.002	0.000	0.000	0.000	0.0	0.5	0.000	1.16	5.16	1.08	1	11.8	41.74	43.06	41.46	399.73	398.96	36.672	36.973	43.39	43.75	400.1	2000	145	96.2	14.8	-0.0864	0.5	111115
21	"12:10:36"	117.0	1.58	0.0198	242	0.0	0.0	0.0	0.0	0.0	0.000	0.000	0.000	-1	0.850	0.850	0	0.850	0.002	0.000	0.000	0.000	0.0	0.5	0.000	1.13	5.16	1.08	1	11.8	41.76	43.07	41.48	399.58	399.03	36.695	36.989	43.37	43.72	400.1	2000	145	96.2	14.8	-0.0864	0.5	111115
22	"12:10:41"	122.0	2.39	0.0192	173	0.0	0.0	0.0	0.0	0.0	0.000	0.000	0.000	-1	0.850	0.850	0	0.850	0.002	0.000	0.000	0.000	0.0	0.5	0.000	1.11	5.19	1.08	1	11.8	41.78	43.14	41.50	399.72	398.96	36.713	37.001	43.35	43.69	400.1	2000	145	96.2	14.8	-0.0864	0.5	111115
23	"12:10:46"	127.0	2.5	0.0194	166	0.0	0.0	0.0	0.0	0.0	0.000	0.000	0.000	-1	0.850	0.850	0	0.850	0.002	0.000	0.000	0.000	0.0	0.5	0.000	1.11	5.18	1.08	1	11.8	41.80	43.11	41.52	399.75	398.95	36.716	37.005	43.30	43.64	400.1	2000	144	96.2	14.8	-0.0864	0.5	111115
24	"12:10:51"	132.0	1.94	0.0197	213	0.0	0.0	0.0	0.0	0.0	0.000	0.000	0.000	-1	0.850	0.850	0	0.850	0.002	0.000	0.000	0.000	0.0	0.5	0.000	1.14	5.19	1.08	1	11.8	41.82	43.15	41.55	399.59	398.94	36.725	37.020	43.27	43.61	400.1	2000	142	96.2	14.8	-0.0864	0.8	111115
