"OPEN 5.3.2"
"Mon Jul 11 2011 11:59:19"
"Unit="	"PSC-1570"
"LCF="	"LCF-0398"
"LCFCals="	" -1.56 -1.57  0.00"
"ComputeList="	"/User/Configs/Comps/Std Flr Comp"
"BLCTable="	"/Sys/Lib/BLCTable_LCF"
"LightSource="	"6400-40 LCF"	1	0.16
"LogFormat="	"/User/Configs/LogFormats/Std Flr Log"
"LogCodes="	-35	-21	-36	30	23	36	-86	-88	-87	-89	-90	4202	4211	4212	4213	4206	4205	-81	4207	4215	4216	4220	4221	-96	4222	4223	21	25	-33	-34	-32	-9	-10	-8	-1	-2	-4	-5	-14	-15	-7	-12	-13	-11	-65	-66	-72	-23
"PromptList="	"/User/Configs/Prompts/Default (none)"
"Stability= (Photo 20s SLP<0.5)(Cond 20s SLP<0.01)(H2OS 20s SLP<1)(F 20s SLP<1)"
"11:59:19 "
$STARTOFDATA$
"Obs"	"HHMMSS"	"FTime"	"Photo"	"Cond"	"Ci"	"Fo"	"Fm"	"Fo'"	"Fm'"	"Fs"	"Fv/Fm"	"Fv'/Fm'"	"PhiPS2"	"Adark"	"RedAbs"	"BlueAbs"	"%Blue"	"LeafAbs"	"PhiCO2"	"qP"	"qN"	"NPQ"	"ParIn@Fs"	"PS2/1"	"ETR"	"Trmmol"	"VpdL"	"Area"	"StmRat"	"BLCond"	"Tair"	"Tleaf"	"TBlk"	"CO2R"	"CO2S"	"H2OR"	"H2OS"	"RH_R"	"RH_S"	"Flow"	"PARi"	"PARo"	"Press"	"CsMch"	"HsMch"	"StableF"	"Status"
1	"11:59:26"	12.5	24.7	0.199	174	0.0	0.0	0.0	0.0	0.0	0.000	0.000	0.000	-1	0.850	0.850	0	0.850	0.014	0.000	0.000	0.000	0.0	0.5	0.000	8.02	3.72	0.79	1	12	39.60	39.57	39.43	399.87	394.38	35.082	36.607	46.51	48.54	400.5	2086	100	96.2	15	-0.0665	0.2	111115
2	"11:59:31"	17.5	23.5	0.202	187	0.0	0.0	0.0	0.0	0.0	0.000	0.000	0.000	-1	0.850	0.850	0	0.850	0.014	0.000	0.000	0.000	0.0	0.5	0.000	8.15	3.72	0.79	1	12	39.61	39.58	39.43	399.77	394.50	35.092	36.641	46.51	48.56	400.4	2005	99	96.2	15	-0.0665	0.2	111115
3	"11:59:36"	22.5	23.6	0.205	188	0.0	0.0	0.0	0.0	0.0	0.000	0.000	0.000	-1	0.850	0.850	0	0.850	0.014	0.000	0.000	0.000	0.0	0.5	0.000	8.22	3.71	0.79	1	12	39.62	39.55	39.43	399.72	394.42	35.088	36.650	46.48	48.54	400.4	2002	101	96.2	15	-0.0665	0.2	111115
4	"11:59:42"	27.5	22.8	0.205	196	0.0	0.0	0.0	0.0	0.0	0.000	0.000	0.000	-1	0.850	0.850	0	0.850	0.014	0.000	0.000	0.000	0.0	0.5	0.000	8.26	3.71	0.79	1	12	39.62	39.56	39.43	399.63	394.49	35.091	36.661	46.46	48.54	400.4	2001	101	96.2	15	-0.0665	0.2	111115
5	"11:59:47"	33.0	23.2	0.206	192	0.0	0.0	0.0	0.0	0.0	0.000	0.000	0.000	-1	0.850	0.850	0	0.850	0.014	0.000	0.000	0.000	0.0	0.5	0.000	8.27	3.72	0.79	1	12	39.64	39.57	39.43	399.65	394.43	35.094	36.667	46.43	48.51	400.4	2002	101	96.2	15	-0.0665	0.2	111115
6	"11:59:52"	38.5	23.2	0.203	190	0.0	0.0	0.0	0.0	0.0	0.000	0.000	0.000	-1	0.850	0.850	0	0.850	0.014	0.000	0.000	0.000	0.0	0.5	0.000	8.19	3.72	0.79	1	12	39.65	39.59	39.43	399.67	394.45	35.107	36.665	46.42	48.48	400.3	2002	104	96.2	15	-0.0665	0.2	111115
7	"11:59:58"	43.5	25.5	0.203	172	0.0	0.0	0.0	0.0	0.0	0.000	0.000	0.000	-1	0.850	0.850	0	0.850	0.016	0.000	0.000	0.000	0.0	0.5	0.000	8.19	3.73	0.79	1	12	39.65	39.61	39.43	400.05	394.39	35.122	36.679	46.42	48.48	400.3	2002	98	96.2	15	-0.0665	0.5	111115
8	"12:00:03"	49.0	23.5	0.201	186	0.0	0.0	0.0	0.0	0.0	0.000	0.000	0.000	-1	0.850	0.850	0	0.850	0.014	0.000	0.000	0.000	0.0	0.5	0.000	8.12	3.73	0.79	1	12	39.66	39.62	39.43	399.78	394.51	35.141	36.686	46.43	48.47	400.3	2002	103	96.2	15	-0.0665	0.2	111115
9	"12:00:08"	54.5	23.4	0.203	188	0.0	0.0	0.0	0.0	0.0	0.000	0.000	0.000	-1	0.850	0.850	0	0.850	0.014	0.000	0.000	0.000	0.0	0.5	0.000	8.22	3.74	0.79	1	12	39.67	39.64	39.43	399.76	394.49	35.122	36.686	46.37	48.44	400.2	2002	98	96.2	15	-0.0665	0.2	111115
10	"12:00:14"	60.0	23.6	0.202	186	0.0	0.0	0.0	0.0	0.0	0.000	0.000	0.000	-1	0.850	0.850	0	0.850	0.014	0.000	0.000	0.000	0.0	0.5	0.000	8.19	3.75	0.79	1	12	39.68	39.65	39.43	399.81	394.52	35.131	36.689	46.36	48.42	400.2	2002	97	96.2	15	-0.0665	0.5	111115
11	"12:00:19"	65.0	23.2	0.2	187	0.0	0.0	0.0	0.0	0.0	0.000	0.000	0.000	-1	0.850	0.850	0	0.850	0.014	0.000	0.000	0.000	0.0	0.5	0.000	8.13	3.75	0.79	1	12	39.69	39.66	39.43	399.79	394.57	35.130	36.675	46.35	48.39	400.2	2002	100	96.2	15	-0.0665	0.5	111115
12	"12:00:24"	70.5	22.8	0.195	186	0.0	0.0	0.0	0.0	0.0	0.000	0.000	0.000	-1	0.850	0.850	0	0.850	0.014	0.000	0.000	0.000	0.0	0.5	0.000	7.99	3.77	0.79	1	12	39.70	39.70	39.44	399.67	394.54	35.139	36.658	46.34	48.34	400.2	2001	94	96.2	15	-0.0665	0.2	111115
13	"12:00:30"	76.0	24.1	0.192	172	0.0	0.0	0.0	0.0	0.0	0.000	0.000	0.000	-1	0.850	0.850	0	0.850	0.015	0.000	0.000	0.000	0.0	0.5	0.000	7.89	3.79	0.79	1	12	39.71	39.74	39.44	399.82	394.45	35.140	36.641	46.32	48.30	400.2	2001	102	96.2	15	-0.0665	0.5	111115
14	"12:00:35"	81.0	23.3	0.189	176	0.0	0.0	0.0	0.0	0.0	0.000	0.000	0.000	-1	0.850	0.850	0	0.850	0.014	0.000	0.000	0.000	0.0	0.5	0.000	7.81	3.81	0.79	1	12	39.71	39.79	39.44	399.77	394.57	35.136	36.621	46.29	48.25	400.1	2001	102	96.2	15	-0.0665	0.2	111115
15	"12:00:40"	86.0	23.7	0.185	168	0.0	0.0	0.0	0.0	0.0	0.000	0.000	0.000	-1	0.850	0.850	0	0.850	0.015	0.000	0.000	0.000	0.0	0.5	0.000	7.66	3.82	0.79	1	12	39.72	39.82	39.45	399.87	394.60	35.138	36.596	46.28	48.20	400.1	2001	101	96.2	15	-0.0665	0.2	111115
16	"12:00:45"	91.0	21.6	0.181	182	0.0	0.0	0.0	0.0	0.0	0.000	0.000	0.000	-1	0.850	0.850	0	0.850	0.013	0.000	0.000	0.000	0.0	0.5	0.000	7.53	3.84	0.79	1	12	39.73	39.87	39.45	399.60	394.75	35.150	36.582	46.28	48.16	400.1	2001	103	96.2	15	-0.0665	0.2	111115
17	"12:00:50"	96.0	21.2	0.176	181	0.0	0.0	0.0	0.0	0.0	0.000	0.000	0.000	-1	0.850	0.850	0	0.850	0.013	0.000	0.000	0.000	0.0	0.5	0.000	7.4	3.86	0.79	1	12	39.74	39.91	39.46	399.58	394.83	35.149	36.556	46.25	48.11	400.1	2001	102	96.2	15	-0.0665	0.2	111115
18	"12:00:55"	101.0	22.3	0.174	168	0.0	0.0	0.0	0.0	0.0	0.000	0.000	0.000	-1	0.850	0.850	0	0.850	0.014	0.000	0.000	0.000	0.0	0.5	0.000	7.32	3.88	0.79	1	12	39.74	39.94	39.46	399.76	394.79	35.146	36.539	46.23	48.07	400.1	2001	103	96.2	15	-0.0665	0.2	111115
19	"12:01:00"	106.0	20.9	0.169	176	0.0	0.0	0.0	0.0	0.0	0.000	0.000	0.000	-1	0.850	0.850	0	0.850	0.013	0.000	0.000	0.000	0.0	0.5	0.000	7.15	3.89	0.79	1	12	39.75	39.98	39.46	399.56	394.89	35.153	36.514	46.22	48.01	400.1	2001	103	96.2	15	-0.0665	0.2	111115
20	"12:01:05"	111.0	21.6	0.166	165	0.0	0.0	0.0	0.0	0.0	0.000	0.000	0.000	-1	0.850	0.850	0	0.850	0.013	0.000	0.000	0.000	0.0	0.5	0.000	7.05	3.91	0.79	1	12	39.76	40.01	39.47	399.73	394.91	35.156	36.497	46.21	47.97	400.1	2001	100	96.2	15	-0.0665	0.5	111115
21	"12:01:10"	116.0	19.9	0.164	178	0.0	0.0	0.0	0.0	0.0	0.000	0.000	0.000	-1	0.850	0.850	0	0.850	0.012	0.000	0.000	0.000	0.0	0.5	0.000	6.97	3.92	0.79	1	12	39.77	40.04	39.47	399.50	395.02	35.150	36.477	46.19	47.93	400.1	2001	96	96.2	15	-0.0665	0.2	111115
22	"12:01:15"	121.0	21.5	0.161	160	0.0	0.0	0.0	0.0	0.0	0.000	0.000	0.000	-1	0.850	0.850	0	0.850	0.013	0.000	0.000	0.000	0.0	0.5	0.000	6.87	3.93	0.79	1	12	39.77	40.06	39.48	399.75	394.98	35.163	36.471	46.18	47.90	400.1	2001	94	96.2	15	-0.0665	0.2	111115
23	"12:01:20"	126.0	21.5	0.16	158	0.0	0.0	0.0	0.0	0.0	0.000	0.000	0.000	-1	0.850	0.850	0	0.850	0.013	0.000	0.000	0.000	0.0	0.5	0.000	6.86	3.94	0.79	1	12	39.78	40.07	39.48	399.85	395.06	35.154	36.458	46.16	47.87	400.1	2001	95	96.2	15	-0.0665	0.2	111115
24	"12:01:25"	131.0	21	0.159	161	0.0	0.0	0.0	0.0	0.0	0.000	0.000	0.000	-1	0.850	0.850	0	0.850	0.013	0.000	0.000	0.000	0.0	0.5	0.000	6.8	3.94	0.79	1	12	39.79	40.09	39.49	399.72	395.03	35.151	36.445	46.14	47.84	400.1	2001	96	96.2	15	-0.0665	0.2	111115
25	"12:01:30"	136.0	20.7	0.156	160	0.0	0.0	0.0	0.0	0.0	0.000	0.000	0.000	-1	0.850	0.850	0	0.850	0.013	0.000	0.000	0.000	0.0	0.5	0.000	6.69	3.95	0.79	1	12	39.79	40.10	39.49	399.69	395.07	35.159	36.433	46.14	47.81	400.1	2001	91	96.2	15	-0.0665	0.2	111115
26	"12:01:35"	141.0	20.8	0.155	158	0.0	0.0	0.0	0.0	0.0	0.000	0.000	0.000	-1	0.850	0.850	0	0.850	0.013	0.000	0.000	0.000	0.0	0.5	0.000	6.67	3.95	0.79	1	12	39.80	40.11	39.49	399.74	395.11	35.159	36.427	46.12	47.78	400.1	2001	91	96.2	15	-0.0665	0.2	111115
27	"12:01:40"	146.0	19.7	0.154	169	0.0	0.0	0.0	0.0	0.0	0.000	0.000	0.000	-1	0.850	0.850	0	0.850	0.012	0.000	0.000	0.000	0.0	0.5	0.000	6.62	3.96	0.79	1	12	39.80	40.12	39.50	399.56	395.16	35.167	36.426	46.12	47.77	400.1	2001	91	96.2	15	-0.0665	0.2	111115
28	"12:01:45"	151.0	21	0.154	154	0.0	0.0	0.0	0.0	0.0	0.000	0.000	0.000	-1	0.850	0.850	0	0.850	0.013	0.000	0.000	0.000	0.0	0.5	0.000	6.63	3.96	0.79	1	12	39.81	40.14	39.50	399.75	395.08	35.157	36.419	46.09	47.74	400.1	2001	95	96.2	15	-0.0665	0.2	111115
29	"12:01:50"	156.0	20.6	0.153	158	0.0	0.0	0.0	0.0	0.0	0.000	0.000	0.000	-1	0.850	0.850	0	0.850	0.013	0.000	0.000	0.000	0.0	0.5	0.000	6.6	3.97	0.79	1	12	39.81	40.14	39.50	399.72	395.13	35.159	36.414	46.08	47.72	400.1	2001	97	96.2	15	-0.0665	0.5	111115
30	"12:01:55"	161.0	20.9	0.153	155	0.0	0.0	0.0	0.0	0.0	0.000	0.000	0.000	-1	0.850	0.850	0	0.850	0.013	0.000	0.000	0.000	0.0	0.5	0.000	6.6	3.97	0.79	1	12	39.82	40.15	39.51	399.70	395.06	35.165	36.422	46.07	47.71	400.1	2001	100	96.2	15	-0.0665	0.8	111115
31	"12:02:00"	166.0	19.9	0.153	166	0.0	0.0	0.0	0.0	0.0	0.000	0.000	0.000	-1	0.850	0.850	0	0.850	0.012	0.000	0.000	0.000	0.0	0.5	0.000	6.63	3.97	0.79	1	12	39.83	40.15	39.52	399.47	395.03	35.165	36.427	46.05	47.70	400.1	2001	96	96.2	15	-0.0665	0.8	111115
