"OPEN 5.3.2"
"Mon Jul 11 2011 12:37:25"
"Unit="	"PSC-1570"
"LCF="	"LCF-0398"
"LCFCals="	" -1.56 -1.57  0.00"
"ComputeList="	"/User/Configs/Comps/Std Flr Comp"
"BLCTable="	"/Sys/Lib/BLCTable_LCF"
"LightSource="	"6400-40 LCF"	1	0.16
"LogFormat="	"/User/Configs/LogFormats/Std Flr Log"
"LogCodes="	-35	-21	-36	30	23	36	-86	-88	-87	-89	-90	4202	4211	4212	4213	4206	4205	-81	4207	4215	4216	4220	4221	-96	4222	4223	21	25	-33	-34	-32	-9	-10	-8	-1	-2	-4	-5	-14	-15	-7	-12	-13	-11	-65	-66	-72	-23
"PromptList="	"/User/Configs/Prompts/Default (none)"
"Stability= (Photo 20s SLP<0.5)(Cond 20s SLP<0.01)(H2OS 20s SLP<1)(F 20s SLP<1)"
"12:37:25 "
$STARTOFDATA$
"Obs"	"HHMMSS"	"FTime"	"Photo"	"Cond"	"Ci"	"Fo"	"Fm"	"Fo'"	"Fm'"	"Fs"	"Fv/Fm"	"Fv'/Fm'"	"PhiPS2"	"Adark"	"RedAbs"	"BlueAbs"	"%Blue"	"LeafAbs"	"PhiCO2"	"qP"	"qN"	"NPQ"	"ParIn@Fs"	"PS2/1"	"ETR"	"Trmmol"	"VpdL"	"Area"	"StmRat"	"BLCond"	"Tair"	"Tleaf"	"TBlk"	"CO2R"	"CO2S"	"H2OR"	"H2OS"	"RH_R"	"RH_S"	"Flow"	"PARi"	"PARo"	"Press"	"CsMch"	"HsMch"	"StableF"	"Status"
1	"12:37:32"	12.0	28.6	0.193	134	0.0	0.0	0.0	0.0	0.0	0.000	0.000	0.000	-1	0.850	0.850	0	0.850	0.017	0.000	0.000	0.000	0.0	0.5	0.000	8.38	3.98	0.94	1	12	42.16	40.91	41.96	400.39	392.89	37.627	39.517	43.54	45.72	400.0	2085	138	96.2	14.9	-0.141	0.0	111115
2	"12:37:37"	17.5	27.4	0.225	175	0.0	0.0	0.0	0.0	0.0	0.000	0.000	0.000	-1	0.850	0.850	0	0.850	0.017	0.000	0.000	0.000	0.0	0.5	0.000	9.65	3.96	0.94	1	12	42.16	40.92	41.95	400.57	393.25	37.622	39.799	43.53	46.04	400.0	2007	145	96.2	14.9	-0.141	0.0	111115
3	"12:37:42"	22.5	26.4	0.239	194	0.0	0.0	0.0	0.0	0.0	0.000	0.000	0.000	-1	0.850	0.850	0	0.850	0.016	0.000	0.000	0.000	0.0	0.5	0.000	10.2	3.94	0.94	1	12	42.16	40.90	41.94	400.55	393.42	37.629	39.933	43.54	46.21	399.9	2000	165	96.2	14.9	-0.141	0.0	111115
4	"12:37:47"	28.0	26.5	0.249	200	0.0	0.0	0.0	0.0	0.0	0.000	0.000	0.000	-1	0.850	0.850	0	0.850	0.016	0.000	0.000	0.000	0.0	0.5	0.000	10.6	3.92	0.94	1	12	42.16	40.89	41.93	400.54	393.34	37.623	40.016	43.55	46.32	399.9	2001	156	96.2	14.9	-0.141	0.0	111115
5	"12:37:53"	33.5	25.4	0.256	211	0.0	0.0	0.0	0.0	0.0	0.000	0.000	0.000	-1	0.850	0.850	0	0.850	0.016	0.000	0.000	0.000	0.0	0.5	0.000	10.9	3.91	0.94	1	12	42.15	40.88	41.93	400.33	393.36	37.611	40.063	43.55	46.38	399.9	2001	180	96.2	14.9	-0.141	0.0	111115
6	"12:37:58"	38.5	26.8	0.26	205	0.0	0.0	0.0	0.0	0.0	0.000	0.000	0.000	-1	0.850	0.850	0	0.850	0.016	0.000	0.000	0.000	0.0	0.5	0.000	11	3.91	0.94	1	12	42.15	40.86	41.92	400.58	393.26	37.603	40.089	43.55	46.42	399.9	2001	197	96.2	14.9	-0.141	0.0	111115
7	"12:38:03"	44.0	26	0.261	210	0.0	0.0	0.0	0.0	0.0	0.000	0.000	0.000	-1	0.850	0.850	0	0.850	0.016	0.000	0.000	0.000	0.0	0.5	0.000	11	3.9	0.94	1	12	42.14	40.86	41.91	400.48	393.35	37.606	40.097	43.56	46.45	399.9	2001	232	96.2	14.9	-0.141	0.2	111115
8	"12:38:09"	49.5	26.4	0.263	209	0.0	0.0	0.0	0.0	0.0	0.000	0.000	0.000	-1	0.850	0.850	0	0.850	0.016	0.000	0.000	0.000	0.0	0.5	0.000	11.1	3.9	0.94	1	12	42.14	40.85	41.91	400.54	393.30	37.605	40.111	43.57	46.48	399.9	2001	245	96.2	14.9	-0.141	0.2	111115
9	"12:38:14"	54.5	26.2	0.265	211	0.0	0.0	0.0	0.0	0.0	0.000	0.000	0.000	-1	0.850	0.850	0	0.850	0.016	0.000	0.000	0.000	0.0	0.5	0.000	11.2	3.9	0.94	1	12	42.13	40.85	41.91	400.52	393.33	37.586	40.110	43.56	46.48	399.9	2001	256	96.2	14.9	-0.141	0.5	111115
10	"12:38:20"	60.0	26.3	0.265	211	0.0	0.0	0.0	0.0	0.0	0.000	0.000	0.000	-1	0.850	0.850	0	0.850	0.016	0.000	0.000	0.000	0.0	0.5	0.000	11.1	3.89	0.94	1	12	42.13	40.82	41.90	400.49	393.29	37.596	40.111	43.58	46.49	399.9	2001	280	96.2	14.9	-0.141	0.2	111115
11	"12:38:25"	65.5	26.8	0.267	209	0.0	0.0	0.0	0.0	0.0	0.000	0.000	0.000	-1	0.850	0.850	0	0.850	0.016	0.000	0.000	0.000	0.0	0.5	0.000	11.2	3.89	0.94	1	12	42.13	40.82	41.90	400.63	393.30	37.578	40.111	43.56	46.50	399.9	2001	300	96.2	14.9	-0.141	0.2	111115
12	"12:38:30"	71.0	26.4	0.267	212	0.0	0.0	0.0	0.0	0.0	0.000	0.000	0.000	-1	0.850	0.850	0	0.850	0.016	0.000	0.000	0.000	0.0	0.5	0.000	11.2	3.88	0.94	1	12	42.12	40.80	41.90	400.52	393.29	37.569	40.100	43.56	46.50	399.9	2001	333	96.2	14.9	-0.141	0.2	111115
13	"12:38:35"	76.0	26.6	0.267	210	0.0	0.0	0.0	0.0	0.0	0.000	0.000	0.000	-1	0.850	0.850	0	0.850	0.016	0.000	0.000	0.000	0.0	0.5	0.000	11.2	3.87	0.94	1	12	42.12	40.79	41.89	400.55	393.26	37.571	40.100	43.57	46.51	399.9	2001	358	96.2	14.9	-0.141	0.5	111115
14	"12:38:40"	81.0	26.6	0.268	211	0.0	0.0	0.0	0.0	0.0	0.000	0.000	0.000	-1	0.850	0.850	0	0.850	0.016	0.000	0.000	0.000	0.0	0.5	0.000	11.2	3.88	0.94	1	12	42.12	40.81	41.89	400.59	393.31	37.561	40.098	43.57	46.51	399.9	2001	374	96.2	14.9	-0.141	0.5	111115
15	"12:38:45"	86.0	27	0.267	208	0.0	0.0	0.0	0.0	0.0	0.000	0.000	0.000	-1	0.850	0.850	0	0.850	0.016	0.000	0.000	0.000	0.0	0.5	0.000	11.2	3.88	0.94	1	12	42.11	40.80	41.89	400.63	393.26	37.562	40.088	43.57	46.50	399.9	2001	400	96.2	14.9	-0.141	0.8	111115
16	"12:38:50"	91.0	27.4	0.267	206	0.0	0.0	0.0	0.0	0.0	0.000	0.000	0.000	-1	0.850	0.850	0	0.850	0.017	0.000	0.000	0.000	0.0	0.5	0.000	11.2	3.88	0.94	1	12	42.11	40.80	41.89	400.73	393.25	37.553	40.086	43.57	46.51	399.9	2001	415	96.2	14.9	-0.141	0.5	111115
17	"12:38:55"	96.0	26.8	0.268	210	0.0	0.0	0.0	0.0	0.0	0.000	0.000	0.000	-1	0.850	0.850	0	0.850	0.016	0.000	0.000	0.000	0.0	0.5	0.000	11.2	3.88	0.94	1	12	42.11	40.79	41.89	400.51	393.18	37.541	40.078	43.56	46.50	399.8	2001	354	96.2	14.9	-0.141	0.5	111115
18	"12:39:00"	101.0	27.4	0.268	206	0.0	0.0	0.0	0.0	0.0	0.000	0.000	0.000	-1	0.850	0.850	0	0.850	0.017	0.000	0.000	0.000	0.0	0.5	0.000	11.2	3.87	0.94	1	12	42.11	40.77	41.89	400.66	393.18	37.537	40.071	43.55	46.49	399.9	2000	443	96.2	14.9	-0.141	0.5	111115
19	"12:39:05"	106.0	27	0.268	208	0.0	0.0	0.0	0.0	0.0	0.000	0.000	0.000	-1	0.850	0.850	0	0.850	0.016	0.000	0.000	0.000	0.0	0.5	0.000	11.2	3.88	0.94	1	12	42.11	40.79	41.89	400.62	393.24	37.533	40.065	43.55	46.49	399.9	2000	451	96.2	14.9	-0.141	0.5	111115
20	"12:39:10"	111.0	27.4	0.267	206	0.0	0.0	0.0	0.0	0.0	0.000	0.000	0.000	-1	0.850	0.850	0	0.850	0.017	0.000	0.000	0.000	0.0	0.5	0.000	11.2	3.88	0.94	1	12	42.11	40.80	41.89	400.69	393.22	37.530	40.062	43.54	46.48	399.9	2000	441	96.2	14.9	-0.141	0.8	111115
21	"12:39:15"	116.0	26.4	0.268	212	0.0	0.0	0.0	0.0	0.0	0.000	0.000	0.000	-1	0.850	0.850	0	0.850	0.016	0.000	0.000	0.000	0.0	0.5	0.000	11.2	3.88	0.94	1	12	42.11	40.80	41.89	400.54	393.29	37.515	40.052	43.52	46.47	399.9	2000	456	96.2	14.9	-0.141	0.5	111115
22	"12:39:20"	121.0	26.9	0.267	209	0.0	0.0	0.0	0.0	0.0	0.000	0.000	0.000	-1	0.850	0.850	0	0.850	0.016	0.000	0.000	0.000	0.0	0.5	0.000	11.2	3.88	0.94	1	12	42.11	40.80	41.89	400.59	393.24	37.501	40.035	43.50	46.44	399.9	2000	482	96.2	14.9	-0.141	0.5	111115
23	"12:39:25"	126.0	26.5	0.269	212	0.0	0.0	0.0	0.0	0.0	0.000	0.000	0.000	-1	0.850	0.850	0	0.850	0.016	0.000	0.000	0.000	0.0	0.5	0.000	11.3	3.88	0.94	1	12	42.12	40.79	41.90	400.52	393.25	37.480	40.028	43.47	46.43	399.9	2000	510	96.2	14.9	-0.141	0.5	111115
