"OPEN 5.3.2"
"Mon Jul 11 2011 15:27:48"
"Unit="	"PSC-1570"
"LCF="	"LCF-0398"
"LCFCals="	" -1.56 -1.57  0.00"
"ComputeList="	"/User/Configs/Comps/Std Flr Comp"
"BLCTable="	"/Sys/Lib/BLCTable_LCF"
"LightSource="	"6400-40 LCF"	1	0.16
"LogFormat="	"/User/Configs/LogFormats/Std Flr Log"
"LogCodes="	-35	-21	-36	30	23	36	-86	-88	-87	-89	-90	4202	4211	4212	4213	4206	4205	-81	4207	4215	4216	4220	4221	-96	4222	4223	21	25	-33	-34	-32	-9	-10	-8	-1	-2	-4	-5	-14	-15	-7	-12	-13	-11	-65	-66	-72	-23
"PromptList="	"/User/Configs/Prompts/Default (none)"
"Stability= (Photo 20s SLP<0.5)(Cond 20s SLP<0.01)(H2OS 20s SLP<1)(F 20s SLP<1)"
"15:27:48 "
$STARTOFDATA$
"Obs"	"HHMMSS"	"FTime"	"Photo"	"Cond"	"Ci"	"Fo"	"Fm"	"Fo'"	"Fm'"	"Fs"	"Fv/Fm"	"Fv'/Fm'"	"PhiPS2"	"Adark"	"RedAbs"	"BlueAbs"	"%Blue"	"LeafAbs"	"PhiCO2"	"qP"	"qN"	"NPQ"	"ParIn@Fs"	"PS2/1"	"ETR"	"Trmmol"	"VpdL"	"Area"	"StmRat"	"BLCond"	"Tair"	"Tleaf"	"TBlk"	"CO2R"	"CO2S"	"H2OR"	"H2OS"	"RH_R"	"RH_S"	"Flow"	"PARi"	"PARo"	"Press"	"CsMch"	"HsMch"	"StableF"	"Status"
1	"15:27:55"	12.0	8.34	0.0291	-83.9	0.0	0.0	0.0	0.0	0.0	0.000	0.000	0.000	-1	0.850	0.850	0	0.850	0.005	0.000	0.000	0.000	0.0	0.5	0.000	2.36	7.25	1.61	1	10.3	45.37	47.00	45.32	399.96	396.21	34.732	35.650	34.02	34.91	399.3	2071	130	96.2	15.3	-0.0883	0.0	111115
2	"15:28:00"	17.0	6.59	0.0323	40.8	0.0	0.0	0.0	0.0	0.0	0.000	0.000	0.000	-1	0.850	0.850	0	0.850	0.004	0.000	0.000	0.000	0.0	0.5	0.000	2.65	7.33	1.61	1	10.3	45.38	47.17	45.31	399.87	396.79	34.720	35.750	33.98	34.98	399.2	2004	127	96.2	15.3	-0.0883	0.0	111115
3	"15:28:05"	22.0	5.84	0.0345	93.5	0.0	0.0	0.0	0.0	0.0	0.000	0.000	0.000	-1	0.850	0.850	0	0.850	0.004	0.000	0.000	0.000	0.0	0.5	0.000	2.83	7.34	1.61	1	10.3	45.40	47.19	45.30	400.03	397.22	34.691	35.792	33.92	35.00	399.2	2001	126	96.2	15.3	-0.0883	0.0	111115
4	"15:28:10"	27.5	5.16	0.036	132	0.0	0.0	0.0	0.0	0.0	0.000	0.000	0.000	-1	0.850	0.850	0	0.850	0.004	0.000	0.000	0.000	0.0	0.5	0.000	2.96	7.35	1.61	1	10.3	45.41	47.22	45.29	399.88	397.32	34.656	35.809	33.87	35.00	399.0	2001	126	96.2	15.3	-0.0883	0.2	111115
5	"15:28:16"	32.5	5.31	0.0366	130	0.0	0.0	0.0	0.0	0.0	0.000	0.000	0.000	-1	0.850	0.850	0	0.850	0.004	0.000	0.000	0.000	0.0	0.5	0.000	3.01	7.35	1.61	1	10.3	45.42	47.21	45.28	400.07	397.45	34.627	35.798	33.83	34.97	399.0	2001	126	96.2	15.3	-0.0883	0.2	111115
6	"15:28:21"	38.0	5.08	0.0369	141	0.0	0.0	0.0	0.0	0.0	0.000	0.000	0.000	-1	0.850	0.850	0	0.850	0.004	0.000	0.000	0.000	0.0	0.5	0.000	3.04	7.37	1.61	1	10.3	45.43	47.24	45.28	400.07	397.54	34.600	35.783	33.79	34.94	398.9	2001	126	96.2	15.3	-0.0883	0.2	111115
7	"15:28:26"	43.0	4.58	0.0374	164	0.0	0.0	0.0	0.0	0.0	0.000	0.000	0.000	-1	0.850	0.850	0	0.850	0.003	0.000	0.000	0.000	0.0	0.5	0.000	3.08	7.36	1.61	1	10.3	45.43	47.23	45.28	399.90	397.56	34.568	35.766	33.74	34.91	398.9	2001	129	96.2	15.3	-0.0883	0.5	111115
8	"15:28:31"	48.5	4.99	0.0376	149	0.0	0.0	0.0	0.0	0.0	0.000	0.000	0.000	-1	0.850	0.850	0	0.850	0.004	0.000	0.000	0.000	0.0	0.5	0.000	3.09	7.35	1.61	1	10.3	45.44	47.20	45.28	400.17	397.66	34.542	35.744	33.70	34.87	398.9	2001	130	96.2	15.3	-0.0883	0.5	111115
9	"15:28:36"	53.5	4.33	0.0372	173	0.0	0.0	0.0	0.0	0.0	0.000	0.000	0.000	-1	0.850	0.850	0	0.850	0.003	0.000	0.000	0.000	0.0	0.5	0.000	3.06	7.36	1.61	1	10.3	45.45	47.22	45.29	400.15	397.91	34.532	35.723	33.67	34.84	398.8	2001	129	96.2	15.3	-0.0883	0.5	111115
10	"15:28:42"	59.0	3.97	0.0375	189	0.0	0.0	0.0	0.0	0.0	0.000	0.000	0.000	-1	0.850	0.850	0	0.850	0.003	0.000	0.000	0.000	0.0	0.5	0.000	3.09	7.37	1.61	1	10.3	45.46	47.22	45.29	400.04	397.95	34.499	35.701	33.63	34.80	399.1	2001	126	96.2	15.3	-0.0883	0.5	111115
11	"15:28:47"	64.0	3.23	0.0374	218	0.0	0.0	0.0	0.0	0.0	0.000	0.000	0.000	-1	0.850	0.850	0	0.850	0.002	0.000	0.000	0.000	0.0	0.5	0.000	3.08	7.38	1.61	1	10.3	45.47	47.24	45.29	399.78	397.99	34.477	35.675	33.59	34.76	399.8	2001	124	96.2	15.3	-0.0883	0.5	111115
12	"15:28:52"	69.5	3.18	0.037	219	0.0	0.0	0.0	0.0	0.0	0.000	0.000	0.000	-1	0.850	0.850	0	0.850	0.002	0.000	0.000	0.000	0.0	0.5	0.000	3.05	7.37	1.61	1	10.3	45.48	47.22	45.30	399.93	398.16	34.467	35.651	33.57	34.72	399.7	2001	124	96.2	15.3	-0.0883	0.5	111115
13	"15:28:57"	74.5	3.15	0.0365	219	0.0	0.0	0.0	0.0	0.0	0.000	0.000	0.000	-1	0.850	0.850	0	0.850	0.002	0.000	0.000	0.000	0.0	0.5	0.000	3.01	7.38	1.61	1	10.3	45.49	47.23	45.30	399.98	398.23	34.455	35.626	33.54	34.68	399.7	2001	124	96.2	15.3	-0.0883	0.5	111115
14	"15:29:02"	79.5	3.4	0.037	211	0.0	0.0	0.0	0.0	0.0	0.000	0.000	0.000	-1	0.850	0.850	0	0.850	0.003	0.000	0.000	0.000	0.0	0.5	0.000	3.05	7.36	1.61	1	10.3	45.49	47.19	45.30	400.14	398.28	34.426	35.610	33.50	34.65	399.6	2001	125	96.2	15.3	-0.0883	0.5	111115
15	"15:29:07"	84.5	2.81	0.0367	234	0.0	0.0	0.0	0.0	0.0	0.000	0.000	0.000	-1	0.850	0.850	0	0.850	0.002	0.000	0.000	0.000	0.0	0.5	0.000	3.02	7.36	1.61	1	10.3	45.50	47.19	45.30	399.87	398.25	34.424	35.597	33.48	34.62	399.5	2001	125	96.2	15.3	-0.0883	0.5	111115
16	"15:29:12"	89.5	3.13	0.0366	220	0.0	0.0	0.0	0.0	0.0	0.000	0.000	0.000	-1	0.850	0.850	0	0.850	0.002	0.000	0.000	0.000	0.0	0.5	0.000	3.02	7.36	1.61	1	10.3	45.51	47.19	45.30	399.92	398.17	34.398	35.569	33.44	34.58	399.6	2001	126	96.2	15.3	-0.0883	0.5	111115
17	"15:29:17"	94.5	2.89	0.037	231	0.0	0.0	0.0	0.0	0.0	0.000	0.000	0.000	-1	0.850	0.850	0	0.850	0.002	0.000	0.000	0.000	0.0	0.5	0.000	3.04	7.36	1.61	1	10.3	45.52	47.20	45.30	399.92	398.26	34.370	35.554	33.40	34.55	399.5	2001	125	96.2	15.3	-0.0883	0.5	111115
18	"15:29:22"	99.5	3.31	0.0364	212	0.0	0.0	0.0	0.0	0.0	0.000	0.000	0.000	-1	0.850	0.850	0	0.850	0.003	0.000	0.000	0.000	0.0	0.5	0.000	3	7.36	1.61	1	10.3	45.53	47.19	45.31	400.01	398.19	34.363	35.529	33.38	34.51	399.5	2001	124	96.2	15.3	-0.0883	0.5	111115
19	"15:29:27"	104.5	3.14	0.0363	219	0.0	0.0	0.0	0.0	0.0	0.000	0.000	0.000	-1	0.850	0.850	0	0.850	0.002	0.000	0.000	0.000	0.0	0.5	0.000	2.99	7.38	1.61	1	10.3	45.54	47.21	45.31	399.94	398.20	34.351	35.515	33.35	34.48	399.5	2001	126	96.2	15.3	-0.0883	0.5	111115
20	"15:29:32"	109.5	3.05	0.0362	222	0.0	0.0	0.0	0.0	0.0	0.000	0.000	0.000	-1	0.850	0.850	0	0.850	0.002	0.000	0.000	0.000	0.0	0.5	0.000	2.98	7.37	1.61	1	10.3	45.54	47.19	45.31	399.97	398.26	34.339	35.499	33.32	34.45	399.4	2001	125	96.2	15.3	-0.0883	0.5	111115
21	"15:29:37"	114.5	2.98	0.0364	225	0.0	0.0	0.0	0.0	0.0	0.000	0.000	0.000	-1	0.850	0.850	0	0.850	0.002	0.000	0.000	0.000	0.0	0.5	0.000	2.99	7.36	1.61	1	10.3	45.55	47.18	45.32	399.84	398.15	34.322	35.486	33.29	34.42	399.4	2001	127	96.2	15.3	-0.0883	0.5	111115
22	"15:29:42"	119.5	2.92	0.036	227	0.0	0.0	0.0	0.0	0.0	0.000	0.000	0.000	-1	0.850	0.850	0	0.850	0.002	0.000	0.000	0.000	0.0	0.5	0.000	2.97	7.37	1.61	1	10.3	45.56	47.19	45.32	399.74	398.09	34.310	35.466	33.27	34.39	399.3	2001	127	96.2	15.3	-0.0883	0.5	111115
23	"15:29:47"	124.5	3.26	0.036	212	0.0	0.0	0.0	0.0	0.0	0.000	0.000	0.000	-1	0.850	0.850	0	0.850	0.003	0.000	0.000	0.000	0.0	0.5	0.000	2.97	7.37	1.61	1	10.3	45.57	47.19	45.33	399.95	398.16	34.299	35.452	33.24	34.36	399.4	2001	128	96.2	15.3	-0.0883	0.8	111115
24	"15:29:52"	129.5	3.44	0.0353	202	0.0	0.0	0.0	0.0	0.0	0.000	0.000	0.000	-1	0.850	0.850	0	0.850	0.003	0.000	0.000	0.000	0.0	0.5	0.000	2.91	7.37	1.61	1	10.3	45.58	47.18	45.33	399.89	398.03	34.308	35.440	33.23	34.33	399.4	2001	122	96.2	15.3	-0.0883	0.5	111115
25	"15:29:57"	134.5	2.97	0.0358	223	0.0	0.0	0.0	0.0	0.0	0.000	0.000	0.000	-1	0.850	0.850	0	0.850	0.002	0.000	0.000	0.000	0.0	0.5	0.000	2.95	7.38	1.61	1	10.3	45.59	47.19	45.34	399.63	397.95	34.280	35.427	33.19	34.30	399.4	2002	124	96.2	15.3	-0.0883	0.8	111115
