"OPEN 5.3.2"
"Mon Jul 11 2011 12:46:20"
"Unit="	"PSC-1512"
"LCF="	"LCF-0428"
"LCFCals="	" -1.94 -2.02-2862.00"
"ComputeList="	"/User/Configs/Comps/Std Flr Comp"
"BLCTable="	"/Sys/Lib/BLCTable_LCF"
"LightSource="	"6400-40 LCF"	1	0.16
"LogFormat="	"/User/Configs/LogFormats/Std Flr Log"
"LogCodes="	-35	-21	-36	30	23	36	-86	-88	-87	-89	-90	4202	4211	4212	4213	4206	4205	-81	4207	4215	4216	4220	4221	-96	4222	4223	21	25	-33	-34	-32	-9	-10	-8	-1	-2	-4	-5	-14	-15	-7	-12	-13	-11	-65	-66	-72	-23
"PromptList="	"/User/Configs/Prompts/Default (none)"
"Stability= (Photo 20s SLP<0.5)(Cond 20s SLP<0.01)(H2OS 20s SLP<1)(F 20s SLP<1)"
"12:46:21 "
$STARTOFDATA$
"Obs"	"HHMMSS"	"FTime"	"Photo"	"Cond"	"Ci"	"Fo"	"Fm"	"Fo'"	"Fm'"	"Fs"	"Fv/Fm"	"Fv'/Fm'"	"PhiPS2"	"Adark"	"RedAbs"	"BlueAbs"	"%Blue"	"LeafAbs"	"PhiCO2"	"qP"	"qN"	"NPQ"	"ParIn@Fs"	"PS2/1"	"ETR"	"Trmmol"	"VpdL"	"Area"	"StmRat"	"BLCond"	"Tair"	"Tleaf"	"TBlk"	"CO2R"	"CO2S"	"H2OR"	"H2OS"	"RH_R"	"RH_S"	"Flow"	"PARi"	"PARo"	"Press"	"CsMch"	"HsMch"	"StableF"	"Status"
1	"12:46:28"	14.5	20.3	0.0659	-111	0.0	0.0	0.0	0.0	0.0	0.000	0.000	0.000	-1	0.850	0.850	9	0.850	0.013	0.000	0.000	0.000	0.0	0.5	0.000	3.07	4.31	0.79	1	12	40.93	40.40	40.26	399.61	395.36	32.950	33.536	41.17	41.90	400.0	1922	139	97.36	-2.96	-0.585	0.5	111115
2	"12:46:33"	20.0	15.1	0.0725	45.4	0.0	0.0	0.0	0.0	0.0	0.000	0.000	0.000	-1	0.850	0.850	9	0.850	0.010	0.000	0.000	0.000	0.0	0.5	0.000	3.38	4.31	0.79	1	12	40.94	40.41	40.26	399.65	396.40	32.942	33.587	41.15	41.95	400.1	1990	166	97.36	-2.96	-0.585	0.2	111115
3	"12:46:38"	25.0	13.3	0.0763	98.1	0.0	0.0	0.0	0.0	0.0	0.000	0.000	0.000	-1	0.850	0.850	9	0.850	0.008	0.000	0.000	0.000	0.0	0.5	0.000	3.54	4.3	0.79	1	12	40.95	40.39	40.26	399.67	396.76	32.929	33.605	41.12	41.96	399.8	1993	171	97.36	-2.96	-0.585	0.2	111115
4	"12:46:43"	30.0	13.2	0.0779	107	0.0	0.0	0.0	0.0	0.0	0.000	0.000	0.000	-1	0.850	0.850	9	0.850	0.008	0.000	0.000	0.000	0.0	0.5	0.000	3.62	4.31	0.79	1	12	40.95	40.41	40.27	399.97	397.08	32.929	33.621	41.11	41.98	399.8	1993	170	97.36	-2.96	-0.585	0.2	111115
5	"12:46:49"	35.5	10.9	0.0786	154	0.0	0.0	0.0	0.0	0.0	0.000	0.000	0.000	-1	0.850	0.850	9	0.850	0.007	0.000	0.000	0.000	0.0	0.5	0.000	3.65	4.3	0.79	1	12	40.96	40.40	40.27	399.67	397.23	32.934	33.632	41.11	41.98	399.9	1993	170	97.37	-2.96	-0.585	0.2	111115
6	"12:46:54"	40.5	10.4	0.0799	166	0.0	0.0	0.0	0.0	0.0	0.000	0.000	0.000	-1	0.850	0.850	9	0.850	0.007	0.000	0.000	0.000	0.0	0.5	0.000	3.72	4.31	0.79	1	12	40.96	40.42	40.28	399.62	397.27	32.926	33.636	41.09	41.97	399.9	1993	170	97.37	-2.96	-0.585	0.2	111115
7	"12:46:59"	46.0	11.2	0.0804	153	0.0	0.0	0.0	0.0	0.0	0.000	0.000	0.000	-1	0.850	0.850	9	0.850	0.007	0.000	0.000	0.000	0.0	0.5	0.000	3.74	4.3	0.79	1	12	40.96	40.41	40.28	399.82	397.31	32.926	33.640	41.08	41.97	399.7	1993	171	97.37	-2.96	-0.585	0.2	111115
8	"12:47:05"	51.5	9.59	0.0804	184	0.0	0.0	0.0	0.0	0.0	0.000	0.000	0.000	-1	0.850	0.850	9	0.850	0.006	0.000	0.000	0.000	0.0	0.5	0.000	3.74	4.3	0.79	1	12	40.97	40.41	40.28	399.57	397.38	32.924	33.638	41.07	41.96	399.9	1993	171	97.37	-2.96	-0.585	0.2	111115
9	"12:47:10"	56.5	9.99	0.0807	177	0.0	0.0	0.0	0.0	0.0	0.000	0.000	0.000	-1	0.850	0.850	9	0.850	0.006	0.000	0.000	0.000	0.0	0.5	0.000	3.75	4.3	0.79	1	12	40.97	40.40	40.28	399.55	397.28	32.920	33.636	41.06	41.95	399.9	1993	171	97.36	-2.96	-0.585	0.5	111115
10	"12:47:15"	62.0	11.3	0.0821	154	0.0	0.0	0.0	0.0	0.0	0.000	0.000	0.000	-1	0.850	0.850	9	0.850	0.007	0.000	0.000	0.000	0.0	0.5	0.000	3.81	4.3	0.79	1	12	40.97	40.40	40.29	399.85	397.31	32.917	33.644	41.05	41.95	399.9	1993	170	97.36	-2.96	-0.585	0.5	111115
11	"12:47:21"	67.5	10	0.0803	174	0.0	0.0	0.0	0.0	0.0	0.000	0.000	0.000	-1	0.850	0.850	9	0.850	0.007	0.000	0.000	0.000	0.0	0.5	0.000	3.73	4.3	0.79	1	12	40.98	40.41	40.29	399.65	397.37	32.930	33.643	41.06	41.94	399.8	1993	170	97.36	-2.96	-0.585	0.5	111115
12	"12:47:26"	73.0	10.3	0.0808	172	0.0	0.0	0.0	0.0	0.0	0.000	0.000	0.000	-1	0.850	0.850	9	0.850	0.007	0.000	0.000	0.000	0.0	0.5	0.000	3.76	4.3	0.79	1	12	40.98	40.41	40.29	399.74	397.42	32.929	33.646	41.05	41.94	399.9	1993	170	97.36	-2.96	-0.585	0.5	111115
13	"12:47:32"	78.5	10.5	0.0824	171	0.0	0.0	0.0	0.0	0.0	0.000	0.000	0.000	-1	0.850	0.850	9	0.850	0.007	0.000	0.000	0.000	0.0	0.5	0.000	3.83	4.3	0.79	1	12	40.98	40.41	40.30	399.77	397.39	32.919	33.650	41.04	41.95	399.8	1993	170	97.37	-2.96	-0.585	0.5	111115
14	"12:47:37"	84.0	8.96	0.0816	198	0.0	0.0	0.0	0.0	0.0	0.000	0.000	0.000	-1	0.850	0.850	9	0.850	0.006	0.000	0.000	0.000	0.0	0.5	0.000	3.79	4.3	0.79	1	12	40.98	40.41	40.30	399.57	397.50	32.933	33.656	41.05	41.95	399.9	1993	170	97.37	-2.96	-0.585	0.5	111115
15	"12:47:43"	89.5	10.4	0.0819	171	0.0	0.0	0.0	0.0	0.0	0.000	0.000	0.000	-1	0.850	0.850	9	0.850	0.007	0.000	0.000	0.000	0.0	0.5	0.000	3.81	4.31	0.79	1	12	40.99	40.42	40.30	399.74	397.37	32.925	33.654	41.03	41.94	399.6	1993	170	97.37	-2.96	-0.585	0.5	111115
16	"12:47:48"	95.0	10.4	0.0817	171	0.0	0.0	0.0	0.0	0.0	0.000	0.000	0.000	-1	0.850	0.850	9	0.850	0.007	0.000	0.000	0.000	0.0	0.5	0.000	3.8	4.31	0.79	1	12	40.99	40.42	40.30	399.78	397.42	32.931	33.657	41.03	41.93	400.0	1993	170	97.36	-2.96	-0.585	0.8	111115
17	"12:47:54"	100.5	9.82	0.0821	183	0.0	0.0	0.0	0.0	0.0	0.000	0.000	0.000	-1	0.850	0.850	9	0.850	0.006	0.000	0.000	0.000	0.0	0.5	0.000	3.81	4.3	0.79	1	12	40.99	40.41	40.31	399.66	397.42	32.935	33.663	41.02	41.93	399.8	1993	170	97.36	-2.96	-0.585	0.5	111115
18	"12:47:59"	106.0	9.98	0.0821	180	0.0	0.0	0.0	0.0	0.0	0.000	0.000	0.000	-1	0.850	0.850	9	0.850	0.006	0.000	0.000	0.000	0.0	0.5	0.000	3.82	4.31	0.79	1	12	41.00	40.42	40.31	399.58	397.31	32.939	33.668	41.02	41.93	399.9	1992	170	97.37	-2.96	-0.585	0.5	111115
19	"12:48:04"	111.0	10.1	0.0807	175	0.0	0.0	0.0	0.0	0.0	0.000	0.000	0.000	-1	0.850	0.850	9	0.850	0.007	0.000	0.000	0.000	0.0	0.5	0.000	3.76	4.31	0.79	1	12	41.00	40.44	40.31	399.63	397.34	32.955	33.673	41.03	41.93	399.8	1992	170	97.36	-2.96	-0.585	0.8	111115
20	"12:48:09"	116.0	11	0.0807	158	0.0	0.0	0.0	0.0	0.0	0.000	0.000	0.000	-1	0.850	0.850	9	0.850	0.007	0.000	0.000	0.000	0.0	0.5	0.000	3.76	4.31	0.79	1	12	41.01	40.44	40.32	399.80	397.34	32.954	33.672	41.02	41.91	399.8	1992	170	97.37	-2.96	-0.585	0.8	111115
21	"12:48:15"	121.0	10.1	0.0808	175	0.0	0.0	0.0	0.0	0.0	0.000	0.000	0.000	-1	0.850	0.850	9	0.850	0.007	0.000	0.000	0.000	0.0	0.5	0.000	3.77	4.31	0.79	1	12	41.01	40.45	40.32	399.63	397.34	32.961	33.680	41.02	41.91	399.8	1992	170	97.37	-2.96	-0.585	0.5	111115
22	"12:48:20"	126.5	10.5	0.0801	164	0.0	0.0	0.0	0.0	0.0	0.000	0.000	0.000	-1	0.850	0.850	9	0.850	0.007	0.000	0.000	0.000	0.0	0.5	0.000	3.74	4.32	0.79	1	12	41.02	40.47	40.33	399.60	397.23	32.966	33.680	41.01	41.90	399.8	1992	170	97.37	-2.96	-0.585	0.5	111115
23	"12:48:25"	131.5	11.4	0.0802	147	0.0	0.0	0.0	0.0	0.0	0.000	0.000	0.000	-1	0.850	0.850	9	0.850	0.007	0.000	0.000	0.000	0.0	0.5	0.000	3.74	4.32	0.79	1	12	41.02	40.47	40.33	399.87	397.31	32.970	33.685	41.01	41.90	399.5	1992	170	97.37	-2.96	-0.585	0.5	111115
24	"12:48:30"	137.0	9.9	0.0808	179	0.0	0.0	0.0	0.0	0.0	0.000	0.000	0.000	-1	0.850	0.850	9	0.850	0.006	0.000	0.000	0.000	0.0	0.5	0.000	3.77	4.32	0.79	1	12	41.03	40.45	40.33	399.65	397.40	32.975	33.694	41.00	41.90	399.9	1992	133	97.37	-2.96	-0.585	0.5	111115
25	"12:48:36"	142.5	8.53	0.081	205	0.0	0.0	0.0	0.0	0.0	0.000	0.000	0.000	-1	0.850	0.850	9	0.850	0.006	0.000	0.000	0.000	0.0	0.5	0.000	3.78	4.32	0.79	1	12	41.03	40.47	40.34	399.35	397.37	32.977	33.699	41.00	41.89	399.9	1992	132	97.37	-2.96	-0.585	1.0	111115
26	"12:48:41"	147.5	10.6	0.0808	164	0.0	0.0	0.0	0.0	0.0	0.000	0.000	0.000	-1	0.850	0.850	9	0.850	0.007	0.000	0.000	0.000	0.0	0.5	0.000	3.78	4.32	0.79	1	12	41.03	40.48	40.34	399.56	397.17	32.975	33.696	40.99	41.88	399.9	1992	132	97.37	-2.96	-0.585	0.8	111115
27	"12:48:47"	153.5	10.3	0.0826	175	0.0	0.0	0.0	0.0	0.0	0.000	0.000	0.000	-1	0.850	0.850	9	0.850	0.007	0.000	0.000	0.000	0.0	0.5	0.000	3.86	4.32	0.79	1	12	41.04	40.48	40.34	399.67	397.32	32.971	33.707	40.97	41.89	399.8	1992	135	97.36	-2.96	-0.585	0.8	111115
28	"12:48:52"	158.5	9.73	0.0823	185	0.0	0.0	0.0	0.0	0.0	0.000	0.000	0.000	-1	0.850	0.850	9	0.850	0.006	0.000	0.000	0.000	0.0	0.5	0.000	3.84	4.32	0.79	1	12	41.04	40.47	40.35	399.55	397.32	32.970	33.704	40.97	41.88	399.8	1992	138	97.37	-2.96	-0.585	0.5	111115
29	"12:48:57"	163.5	10.6	0.0826	170	0.0	0.0	0.0	0.0	0.0	0.000	0.000	0.000	-1	0.850	0.850	9	0.850	0.007	0.000	0.000	0.000	0.0	0.5	0.000	3.86	4.32	0.79	1	12	41.04	40.48	40.35	399.69	397.29	32.970	33.706	40.96	41.88	399.8	1992	136	97.36	-2.96	-0.585	0.5	111115
