"OPEN 5.3.2"
"Mon Jul 11 2011 12:16:16"
"Unit="	"PSC-1570"
"LCF="	"LCF-0398"
"LCFCals="	" -1.56 -1.57  0.00"
"ComputeList="	"/User/Configs/Comps/Std Flr Comp"
"BLCTable="	"/Sys/Lib/BLCTable_LCF"
"LightSource="	"6400-40 LCF"	1	0.16
"LogFormat="	"/User/Configs/LogFormats/Std Flr Log"
"LogCodes="	-35	-21	-36	30	23	36	-86	-88	-87	-89	-90	4202	4211	4212	4213	4206	4205	-81	4207	4215	4216	4220	4221	-96	4222	4223	21	25	-33	-34	-32	-9	-10	-8	-1	-2	-4	-5	-14	-15	-7	-12	-13	-11	-65	-66	-72	-23
"PromptList="	"/User/Configs/Prompts/Default (none)"
"Stability= (Photo 20s SLP<0.5)(Cond 20s SLP<0.01)(H2OS 20s SLP<1)(F 20s SLP<1)"
"12:16:16 "
$STARTOFDATA$
"Obs"	"HHMMSS"	"FTime"	"Photo"	"Cond"	"Ci"	"Fo"	"Fm"	"Fo'"	"Fm'"	"Fs"	"Fv/Fm"	"Fv'/Fm'"	"PhiPS2"	"Adark"	"RedAbs"	"BlueAbs"	"%Blue"	"LeafAbs"	"PhiCO2"	"qP"	"qN"	"NPQ"	"ParIn@Fs"	"PS2/1"	"ETR"	"Trmmol"	"VpdL"	"Area"	"StmRat"	"BLCond"	"Tair"	"Tleaf"	"TBlk"	"CO2R"	"CO2S"	"H2OR"	"H2OS"	"RH_R"	"RH_S"	"Flow"	"PARi"	"PARo"	"Press"	"CsMch"	"HsMch"	"StableF"	"Status"
1	"12:16:23"	12.0	5.08	0.0133	-222	0.0	0.0	0.0	0.0	0.0	0.000	0.000	0.000	-1	0.850	0.850	0	0.850	0.003	0.000	0.000	0.000	0.0	0.5	0.000	0.783	5.3	1.08	1	11.8	42.95	43.63	42.72	400.02	398.56	38.091	38.294	42.28	42.51	400.4	2067	306	96.2	14.8	-0.0864	0.0	111115
2	"12:16:28"	17.5	4.04	0.0225	88.3	0.0	0.0	0.0	0.0	0.0	0.000	0.000	0.000	-1	0.850	0.850	0	0.850	0.003	0.000	0.000	0.000	0.0	0.5	0.000	1.32	5.28	1.08	1	11.8	42.98	43.63	42.73	399.91	398.68	38.121	38.463	42.26	42.64	400.4	2004	321	96.2	14.8	-0.0864	0.0	111115
3	"12:16:33"	23.0	5.05	0.0288	94.7	0.0	0.0	0.0	0.0	0.0	0.000	0.000	0.000	-1	0.850	0.850	0	0.850	0.004	0.000	0.000	0.000	0.0	0.5	0.000	1.68	5.27	1.08	1	11.8	43.00	43.62	42.74	400.08	398.54	38.120	38.557	42.21	42.69	400.4	2002	321	96.2	14.8	-0.0864	0.0	111115
4	"12:16:39"	28.5	4.43	0.0327	155	0.0	0.0	0.0	0.0	0.0	0.000	0.000	0.000	-1	0.850	0.850	0	0.850	0.003	0.000	0.000	0.000	0.0	0.5	0.000	1.9	5.24	1.08	1	11.8	43.02	43.58	42.76	399.98	398.58	38.129	38.622	42.17	42.72	400.3	2002	323	96.2	14.8	-0.0864	0.0	111115
5	"12:16:44"	33.5	4.03	0.0351	187	0.0	0.0	0.0	0.0	0.0	0.000	0.000	0.000	-1	0.850	0.850	0	0.850	0.003	0.000	0.000	0.000	0.0	0.5	0.000	2.03	5.22	1.08	1	11.8	43.04	43.53	42.77	399.91	398.60	38.124	38.651	42.12	42.70	400.3	2001	326	96.2	14.8	-0.0864	0.0	111115
6	"12:16:49"	39.0	4	0.036	193	0.0	0.0	0.0	0.0	0.0	0.000	0.000	0.000	-1	0.850	0.850	0	0.850	0.003	0.000	0.000	0.000	0.0	0.5	0.000	2.08	5.2	1.08	1	11.8	43.06	43.51	42.78	399.84	398.54	38.146	38.684	42.10	42.70	400.3	2001	331	96.2	14.8	-0.0864	0.2	111115
7	"12:16:55"	44.5	4	0.0367	196	0.0	0.0	0.0	0.0	0.0	0.000	0.000	0.000	-1	0.850	0.850	0	0.850	0.003	0.000	0.000	0.000	0.0	0.5	0.000	2.12	5.21	1.08	1	11.8	43.08	43.53	42.80	399.83	398.52	38.156	38.705	42.07	42.67	400.2	2001	339	96.2	14.8	-0.0864	0.2	111115
8	"12:17:00"	49.5	4.05	0.0379	199	0.0	0.0	0.0	0.0	0.0	0.000	0.000	0.000	-1	0.850	0.850	0	0.850	0.003	0.000	0.000	0.000	0.0	0.5	0.000	2.19	5.21	1.08	1	11.8	43.10	43.54	42.81	399.88	398.55	38.155	38.724	42.02	42.65	400.2	2000	350	96.2	14.8	-0.0864	0.2	111115
9	"12:17:05"	55.0	4.21	0.0383	194	0.0	0.0	0.0	0.0	0.0	0.000	0.000	0.000	-1	0.850	0.850	0	0.850	0.003	0.000	0.000	0.000	0.0	0.5	0.000	2.22	5.24	1.08	1	11.8	43.12	43.61	42.82	399.91	398.53	38.165	38.742	41.99	42.62	400.2	2000	364	96.2	14.8	-0.0864	0.5	111115
10	"12:17:11"	60.5	4.04	0.0384	202	0.0	0.0	0.0	0.0	0.0	0.000	0.000	0.000	-1	0.850	0.850	0	0.850	0.003	0.000	0.000	0.000	0.0	0.5	0.000	2.23	5.23	1.08	1	11.8	43.15	43.59	42.84	399.87	398.54	38.175	38.753	41.95	42.59	400.2	2000	383	96.2	14.8	-0.0864	0.8	111115
11	"12:17:16"	66.0	4.02	0.0391	205	0.0	0.0	0.0	0.0	0.0	0.000	0.000	0.000	-1	0.850	0.850	0	0.850	0.003	0.000	0.000	0.000	0.0	0.5	0.000	2.27	5.23	1.08	1	11.8	43.17	43.59	42.86	399.79	398.46	38.177	38.765	41.91	42.55	400.1	2000	401	96.2	14.8	-0.0864	0.8	111115
12	"12:17:22"	71.5	3.9	0.0385	208	0.0	0.0	0.0	0.0	0.0	0.000	0.000	0.000	-1	0.850	0.850	0	0.850	0.003	0.000	0.000	0.000	0.0	0.5	0.000	2.23	5.22	1.08	1	11.8	43.19	43.58	42.87	399.81	398.52	38.199	38.778	41.89	42.52	400.1	2000	408	96.2	14.8	-0.0864	0.8	111115
13	"12:17:27"	76.5	3.66	0.039	219	0.0	0.0	0.0	0.0	0.0	0.000	0.000	0.000	-1	0.850	0.850	0	0.850	0.003	0.000	0.000	0.000	0.0	0.5	0.000	2.27	5.25	1.08	1	11.8	43.21	43.63	42.89	399.72	398.48	38.211	38.800	41.86	42.50	400.1	2000	426	96.2	14.8	-0.0864	0.5	111115
14	"12:17:32"	82.0	3.8	0.039	214	0.0	0.0	0.0	0.0	0.0	0.000	0.000	0.000	-1	0.850	0.850	0	0.850	0.003	0.000	0.000	0.000	0.0	0.5	0.000	2.28	5.26	1.08	1	11.8	43.23	43.67	42.90	399.75	398.47	38.219	38.810	41.82	42.46	400.1	2000	444	96.2	14.8	-0.0864	0.8	111115
15	"12:17:37"	87.0	3.75	0.0387	214	0.0	0.0	0.0	0.0	0.0	0.000	0.000	0.000	-1	0.850	0.850	0	0.850	0.003	0.000	0.000	0.000	0.0	0.5	0.000	2.26	5.27	1.08	1	11.8	43.25	43.69	42.92	399.54	398.28	38.243	38.830	41.80	42.44	400.1	2000	466	96.2	14.8	-0.0864	0.5	111115
16	"12:17:42"	92.0	4.14	0.0392	201	0.0	0.0	0.0	0.0	0.0	0.000	0.000	0.000	-1	0.850	0.850	0	0.850	0.003	0.000	0.000	0.000	0.0	0.5	0.000	2.29	5.27	1.08	1	11.8	43.27	43.68	42.94	399.59	398.22	38.244	38.839	41.76	42.41	400.1	2000	481	96.2	14.8	-0.0864	0.8	111115
17	"12:17:47"	97.0	3.68	0.0391	219	0.0	0.0	0.0	0.0	0.0	0.000	0.000	0.000	-1	0.850	0.850	0	0.850	0.003	0.000	0.000	0.000	0.0	0.5	0.000	2.28	5.26	1.08	1	11.8	43.29	43.67	42.95	399.61	398.37	38.265	38.856	41.74	42.39	400.1	2000	497	96.2	14.8	-0.0864	0.5	111115
18	"12:17:52"	102.0	4.18	0.0399	202	0.0	0.0	0.0	0.0	0.0	0.000	0.000	0.000	-1	0.850	0.850	0	0.850	0.003	0.000	0.000	0.000	0.0	0.5	0.000	2.34	5.28	1.08	1	11.8	43.30	43.72	42.97	399.63	398.25	38.265	38.872	41.70	42.36	400.0	2000	512	96.2	14.8	-0.0864	0.5	111115
19	"12:17:57"	107.0	3.94	0.0388	207	0.0	0.0	0.0	0.0	0.0	0.000	0.000	0.000	-1	0.850	0.850	0	0.850	0.003	0.000	0.000	0.000	0.0	0.5	0.000	2.29	5.33	1.08	1	11.8	43.32	43.82	42.98	399.71	398.40	38.288	38.884	41.69	42.34	400.0	2000	533	96.2	14.8	-0.0864	0.5	111115
20	"12:18:02"	112.0	3.59	0.0386	220	0.0	0.0	0.0	0.0	0.0	0.000	0.000	0.000	-1	0.850	0.850	0	0.850	0.003	0.000	0.000	0.000	0.0	0.5	0.000	2.28	5.32	1.08	1	11.8	43.34	43.81	43.00	399.54	398.33	38.311	38.903	41.67	42.32	400.0	1999	546	96.2	14.8	-0.0864	0.5	111115
21	"12:18:07"	117.0	3.59	0.0387	220	0.0	0.0	0.0	0.0	0.0	0.000	0.000	0.000	-1	0.850	0.850	0	0.850	0.003	0.000	0.000	0.000	0.0	0.5	0.000	2.29	5.33	1.08	1	11.8	43.36	43.84	43.02	399.51	398.29	38.322	38.917	41.65	42.29	400.0	1998	560	96.2	14.8	-0.0864	0.5	111115
22	"12:18:12"	122.0	3.23	0.0396	237	0.0	0.0	0.0	0.0	0.0	0.000	0.000	0.000	-1	0.850	0.850	0	0.850	0.002	0.000	0.000	0.000	0.0	0.5	0.000	2.35	5.33	1.08	1	11.8	43.38	43.85	43.03	399.41	398.28	38.332	38.941	41.62	42.28	400.0	1998	574	96.2	14.8	-0.0864	0.5	111115
23	"12:18:17"	127.0	4.22	0.0393	197	0.0	0.0	0.0	0.0	0.0	0.000	0.000	0.000	-1	0.850	0.850	0	0.850	0.003	0.000	0.000	0.000	0.0	0.5	0.000	2.31	5.31	1.08	1	11.8	43.40	43.80	43.05	399.52	398.13	38.360	38.960	41.61	42.26	400.0	1998	585	96.2	14.8	-0.0864	0.5	111115
