"OPEN 5.3.2"
"Mon Jul 11 2011 12:25:30"
"Unit="	"PSC-1570"
"LCF="	"LCF-0398"
"LCFCals="	" -1.56 -1.57  0.00"
"ComputeList="	"/User/Configs/Comps/Std Flr Comp"
"BLCTable="	"/Sys/Lib/BLCTable_LCF"
"LightSource="	"6400-40 LCF"	1	0.16
"LogFormat="	"/User/Configs/LogFormats/Std Flr Log"
"LogCodes="	-35	-21	-36	30	23	36	-86	-88	-87	-89	-90	4202	4211	4212	4213	4206	4205	-81	4207	4215	4216	4220	4221	-96	4222	4223	21	25	-33	-34	-32	-9	-10	-8	-1	-2	-4	-5	-14	-15	-7	-12	-13	-11	-65	-66	-72	-23
"PromptList="	"/User/Configs/Prompts/Default (none)"
"Stability= (Photo 20s SLP<0.5)(Cond 20s SLP<0.01)(H2OS 20s SLP<1)(F 20s SLP<1)"
"12:25:30 "
$STARTOFDATA$
"Obs"	"HHMMSS"	"FTime"	"Photo"	"Cond"	"Ci"	"Fo"	"Fm"	"Fo'"	"Fm'"	"Fs"	"Fv/Fm"	"Fv'/Fm'"	"PhiPS2"	"Adark"	"RedAbs"	"BlueAbs"	"%Blue"	"LeafAbs"	"PhiCO2"	"qP"	"qN"	"NPQ"	"ParIn@Fs"	"PS2/1"	"ETR"	"Trmmol"	"VpdL"	"Area"	"StmRat"	"BLCond"	"Tair"	"Tleaf"	"TBlk"	"CO2R"	"CO2S"	"H2OR"	"H2OS"	"RH_R"	"RH_S"	"Flow"	"PARi"	"PARo"	"Press"	"CsMch"	"HsMch"	"StableF"	"Status"
1	"12:25:38"	12.5	31.4	0.255	172	0.0	0.0	0.0	0.0	0.0	0.000	0.000	0.000	-1	0.850	0.850	0	0.850	0.018	0.000	0.000	0.000	0.0	0.5	0.000	10	3.65	1.08	1	11.8	42.79	40.16	42.53	399.97	390.43	37.182	39.787	41.63	44.54	399.9	2084	138	96.2	14.9	-0.141	0.0	111115
2	"12:25:43"	18.0	34.1	0.296	183	0.0	0.0	0.0	0.0	0.0	0.000	0.000	0.000	-1	0.850	0.850	0	0.850	0.021	0.000	0.000	0.000	0.0	0.5	0.000	11.6	3.63	1.08	1	11.8	42.79	40.19	42.52	399.91	389.48	37.152	40.156	41.58	44.95	399.9	2006	136	96.2	14.9	-0.141	0.0	111115
3	"12:25:48"	23.5	36.1	0.32	186	0.0	0.0	0.0	0.0	0.0	0.000	0.000	0.000	-1	0.850	0.850	0	0.850	0.022	0.000	0.000	0.000	0.0	0.5	0.000	12.4	3.6	1.08	1	11.8	42.79	40.16	42.52	400.21	389.16	37.146	40.351	41.58	45.17	400.0	2000	195	96.2	14.9	-0.141	0.0	111115
4	"12:25:54"	28.5	36.4	0.33	190	0.0	0.0	0.0	0.0	0.0	0.000	0.000	0.000	-1	0.850	0.850	0	0.850	0.022	0.000	0.000	0.000	0.0	0.5	0.000	12.7	3.58	1.08	1	11.8	42.79	40.15	42.51	400.21	389.05	37.153	40.440	41.60	45.28	399.9	1999	203	96.2	14.9	-0.141	0.0	111115
5	"12:25:59"	34.0	35.5	0.337	198	0.0	0.0	0.0	0.0	0.0	0.000	0.000	0.000	-1	0.850	0.850	0	0.850	0.021	0.000	0.000	0.000	0.0	0.5	0.000	12.9	3.58	1.08	1	11.8	42.78	40.15	42.50	400.10	389.16	37.146	40.499	41.61	45.36	399.9	1999	208	96.2	14.9	-0.141	0.0	111115
6	"12:26:04"	39.0	35.7	0.344	200	0.0	0.0	0.0	0.0	0.0	0.000	0.000	0.000	-1	0.850	0.850	0	0.850	0.022	0.000	0.000	0.000	0.0	0.5	0.000	13.2	3.57	1.08	1	11.8	42.77	40.14	42.50	400.31	389.29	37.138	40.551	41.61	45.44	399.9	1999	142	96.2	14.9	-0.141	0.0	111115
7	"12:26:10"	44.5	35.4	0.346	203	0.0	0.0	0.0	0.0	0.0	0.000	0.000	0.000	-1	0.850	0.850	0	0.850	0.021	0.000	0.000	0.000	0.0	0.5	0.000	13.2	3.57	1.08	1	11.8	42.77	40.14	42.49	400.42	389.48	37.136	40.564	41.62	45.47	400.0	2000	140	96.2	14.9	-0.141	0.5	111115
8	"12:26:15"	50.0	34.9	0.349	207	0.0	0.0	0.0	0.0	0.0	0.000	0.000	0.000	-1	0.850	0.850	0	0.850	0.021	0.000	0.000	0.000	0.0	0.5	0.000	13.3	3.56	1.08	1	11.8	42.76	40.12	42.49	400.26	389.42	37.115	40.571	41.61	45.49	400.0	2000	141	96.2	14.9	-0.141	0.2	111115
9	"12:26:20"	55.5	35.2	0.353	207	0.0	0.0	0.0	0.0	0.0	0.000	0.000	0.000	-1	0.850	0.850	0	0.850	0.021	0.000	0.000	0.000	0.0	0.5	0.000	13.4	3.55	1.08	1	11.8	42.76	40.11	42.48	400.37	389.46	37.092	40.574	41.60	45.50	399.9	2000	140	96.2	14.9	-0.141	0.2	111115
10	"12:26:26"	61.0	34.7	0.352	209	0.0	0.0	0.0	0.0	0.0	0.000	0.000	0.000	-1	0.850	0.850	0	0.850	0.021	0.000	0.000	0.000	0.0	0.5	0.000	13.4	3.56	1.08	1	11.8	42.75	40.12	42.48	400.30	389.52	37.088	40.571	41.60	45.51	400.0	2000	140	96.2	14.9	-0.141	0.2	111115
11	"12:26:31"	66.5	34.6	0.354	211	0.0	0.0	0.0	0.0	0.0	0.000	0.000	0.000	-1	0.850	0.850	0	0.850	0.021	0.000	0.000	0.000	0.0	0.5	0.000	13.5	3.56	1.08	1	11.8	42.75	40.11	42.47	400.34	389.59	37.065	40.562	41.59	45.52	399.9	2000	140	96.2	14.9	-0.141	0.2	111115
12	"12:26:37"	72.0	33.6	0.355	215	0.0	0.0	0.0	0.0	0.0	0.000	0.000	0.000	-1	0.850	0.850	0	0.850	0.020	0.000	0.000	0.000	0.0	0.5	0.000	13.5	3.55	1.08	1	11.8	42.74	40.09	42.47	400.18	389.67	37.053	40.551	41.59	45.52	400.0	2000	139	96.2	14.9	-0.141	0.2	111115
13	"12:26:42"	77.5	33.1	0.354	217	0.0	0.0	0.0	0.0	0.0	0.000	0.000	0.000	-1	0.850	0.850	0	0.850	0.020	0.000	0.000	0.000	0.0	0.5	0.000	13.5	3.54	1.08	1	11.8	42.74	40.07	42.46	400.02	389.66	37.044	40.530	41.59	45.51	399.9	2000	142	96.2	14.9	-0.141	0.5	111115
14	"12:26:48"	83.0	34	0.355	214	0.0	0.0	0.0	0.0	0.0	0.000	0.000	0.000	-1	0.850	0.850	0	0.850	0.021	0.000	0.000	0.000	0.0	0.5	0.000	13.5	3.55	1.08	1	11.8	42.73	40.08	42.46	400.33	389.73	37.031	40.529	41.59	45.52	399.9	2000	138	96.2	14.9	-0.141	0.5	111115
15	"12:26:53"	88.0	33.8	0.353	214	0.0	0.0	0.0	0.0	0.0	0.000	0.000	0.000	-1	0.850	0.850	0	0.850	0.020	0.000	0.000	0.000	0.0	0.5	0.000	13.5	3.56	1.08	1	11.8	42.73	40.10	42.45	400.28	389.74	37.028	40.515	41.59	45.51	399.9	2000	134	96.2	14.9	-0.141	0.5	111115
16	"12:26:58"	93.5	33.3	0.355	217	0.0	0.0	0.0	0.0	0.0	0.000	0.000	0.000	-1	0.850	0.850	0	0.850	0.020	0.000	0.000	0.000	0.0	0.5	0.000	13.5	3.55	1.08	1	11.8	42.72	40.09	42.45	400.22	389.81	37.007	40.512	41.58	45.52	399.9	2000	141	96.2	14.9	-0.141	0.8	111115
17	"12:27:03"	98.5	32.8	0.355	219	0.0	0.0	0.0	0.0	0.0	0.000	0.000	0.000	-1	0.850	0.850	0	0.850	0.020	0.000	0.000	0.000	0.0	0.5	0.000	13.5	3.55	1.08	1	11.8	42.71	40.08	42.44	400.10	389.81	36.990	40.492	41.58	45.51	399.9	2000	141	96.2	14.9	-0.141	0.5	111115
18	"12:27:08"	103.5	33.3	0.354	216	0.0	0.0	0.0	0.0	0.0	0.000	0.000	0.000	-1	0.850	0.850	0	0.850	0.020	0.000	0.000	0.000	0.0	0.5	0.000	13.5	3.55	1.08	1	11.8	42.71	40.08	42.44	400.16	389.74	36.992	40.486	41.59	45.52	399.9	2001	142	96.2	14.9	-0.141	0.5	111115
19	"12:27:14"	109.0	33.2	0.355	217	0.0	0.0	0.0	0.0	0.0	0.000	0.000	0.000	-1	0.850	0.850	0	0.850	0.020	0.000	0.000	0.000	0.0	0.5	0.000	13.5	3.55	1.08	1	11.8	42.71	40.08	42.44	400.23	389.82	36.965	40.469	41.57	45.51	399.9	2000	143	96.2	14.9	-0.141	0.8	111115
20	"12:27:19"	114.0	33.8	0.354	214	0.0	0.0	0.0	0.0	0.0	0.000	0.000	0.000	-1	0.850	0.850	0	0.850	0.020	0.000	0.000	0.000	0.0	0.5	0.000	13.5	3.56	1.08	1	11.8	42.70	40.09	42.43	400.42	389.87	36.958	40.459	41.57	45.51	399.9	2001	146	96.2	14.9	-0.141	0.5	111115
21	"12:27:24"	119.0	32.8	0.355	220	0.0	0.0	0.0	0.0	0.0	0.000	0.000	0.000	-1	0.850	0.850	0	0.850	0.020	0.000	0.000	0.000	0.0	0.5	0.000	13.5	3.54	1.08	1	11.8	42.70	40.06	42.42	400.29	390.02	36.953	40.449	41.57	45.51	399.9	2001	141	96.2	14.9	-0.141	0.5	111115
22	"12:27:29"	124.0	32.8	0.353	218	0.0	0.0	0.0	0.0	0.0	0.000	0.000	0.000	-1	0.850	0.850	0	0.850	0.020	0.000	0.000	0.000	0.0	0.5	0.000	13.5	3.56	1.08	1	11.8	42.69	40.08	42.43	400.33	390.04	36.946	40.436	41.58	45.50	399.9	2001	139	96.2	14.9	-0.141	0.5	111115
23	"12:27:34"	129.0	33.3	0.354	217	0.0	0.0	0.0	0.0	0.0	0.000	0.000	0.000	-1	0.850	0.850	0	0.850	0.020	0.000	0.000	0.000	0.0	0.5	0.000	13.5	3.55	1.08	1	11.8	42.69	40.07	42.42	400.37	389.96	36.937	40.430	41.57	45.50	399.9	2001	137	96.2	14.9	-0.141	0.5	111115
24	"12:27:39"	134.0	33.4	0.355	216	0.0	0.0	0.0	0.0	0.0	0.000	0.000	0.000	-1	0.850	0.850	0	0.850	0.020	0.000	0.000	0.000	0.0	0.5	0.000	13.5	3.55	1.08	1	11.8	42.69	40.06	42.42	400.51	390.06	36.926	40.422	41.57	45.50	399.9	2001	136	96.2	14.9	-0.141	0.5	111115
25	"12:27:44"	139.0	32.6	0.354	220	0.0	0.0	0.0	0.0	0.0	0.000	0.000	0.000	-1	0.850	0.850	0	0.850	0.020	0.000	0.000	0.000	0.0	0.5	0.000	13.5	3.55	1.08	1	11.8	42.68	40.06	42.41	400.28	390.05	36.923	40.414	41.58	45.51	399.9	2001	136	96.2	14.9	-0.141	0.8	111115
26	"12:27:49"	144.0	33.1	0.352	217	0.0	0.0	0.0	0.0	0.0	0.000	0.000	0.000	-1	0.850	0.850	0	0.850	0.020	0.000	0.000	0.000	0.0	0.5	0.000	13.4	3.55	1.08	1	11.8	42.68	40.06	42.40	400.40	390.03	36.913	40.389	41.57	45.49	399.9	2001	136	96.2	14.9	-0.141	0.5	111115
