"OPEN 5.3.2"
"Mon Jul 11 2011 15:19:05"
"Unit="	"PSC-1512"
"LCF="	"LCF-0428"
"LCFCals="	" -1.94 -2.02-2862.00"
"ComputeList="	"/User/Configs/Comps/Std Flr Comp"
"BLCTable="	"/Sys/Lib/BLCTable_LCF"
"LightSource="	"6400-40 LCF"	1	0.16
"LogFormat="	"/User/Configs/LogFormats/Std Flr Log"
"LogCodes="	-35	-21	-36	30	23	36	-86	-88	-87	-89	-90	4202	4211	4212	4213	4206	4205	-81	4207	4215	4216	4220	4221	-96	4222	4223	21	25	-33	-34	-32	-9	-10	-8	-1	-2	-4	-5	-14	-15	-7	-12	-13	-11	-65	-66	-72	-23
"PromptList="	"/User/Configs/Prompts/Default (none)"
"Stability= (Photo 20s SLP<0.5)(Cond 20s SLP<0.01)(H2OS 20s SLP<1)(F 20s SLP<1)"
"15:19:05 "
$STARTOFDATA$
"Obs"	"HHMMSS"	"FTime"	"Photo"	"Cond"	"Ci"	"Fo"	"Fm"	"Fo'"	"Fm'"	"Fs"	"Fv/Fm"	"Fv'/Fm'"	"PhiPS2"	"Adark"	"RedAbs"	"BlueAbs"	"%Blue"	"LeafAbs"	"PhiCO2"	"qP"	"qN"	"NPQ"	"ParIn@Fs"	"PS2/1"	"ETR"	"Trmmol"	"VpdL"	"Area"	"StmRat"	"BLCond"	"Tair"	"Tleaf"	"TBlk"	"CO2R"	"CO2S"	"H2OR"	"H2OS"	"RH_R"	"RH_S"	"Flow"	"PARi"	"PARo"	"Press"	"CsMch"	"HsMch"	"StableF"	"Status"
1	"15:19:12"	13.5	11.4	0.0322	-184	0.0	0.0	0.0	0.0	0.0	0.000	0.000	0.000	-1	0.850	0.850	9	0.850	0.008	0.000	0.000	0.000	0.0	0.5	0.000	2.36	6.64	1.08	1	11.8	47.82	46.04	47.01	398.81	395.49	35.588	36.201	31.10	31.64	400.3	1864	179	97.27	-2.9	-0.783	0.0	111115
2	"15:19:18"	19.0	7.92	0.0266	-97.9	0.0	0.0	0.0	0.0	0.0	0.000	0.000	0.000	-1	0.850	0.850	9	0.850	0.005	0.000	0.000	0.000	0.0	0.5	0.000	2	6.81	1.08	1	11.8	47.84	46.33	47.03	399.40	397.04	35.562	36.083	31.04	31.50	399.8	1977	180	97.27	-2.9	-0.783	0.0	111115
3	"15:19:23"	24.0	4.52	0.0238	65.6	0.0	0.0	0.0	0.0	0.0	0.000	0.000	0.000	-1	0.850	0.850	9	0.850	0.003	0.000	0.000	0.000	0.0	0.5	0.000	1.82	6.9	1.08	1	11.8	47.86	46.50	47.05	399.36	397.95	35.562	36.034	31.01	31.42	400.2	1986	181	97.27	-2.9	-0.783	0.0	111115
4	"15:19:28"	29.0	2.96	0.0222	150	0.0	0.0	0.0	0.0	0.0	0.000	0.000	0.000	-1	0.850	0.850	9	0.850	0.002	0.000	0.000	0.000	0.0	0.5	0.000	1.71	6.97	1.08	1	11.8	47.89	46.61	47.07	399.22	398.24	35.568	36.012	30.97	31.36	399.8	1988	182	97.27	-2.9	-0.783	0.2	111115
5	"15:19:33"	34.5	2.28	0.0216	193	0.0	0.0	0.0	0.0	0.0	0.000	0.000	0.000	-1	0.850	0.850	9	0.850	0.002	0.000	0.000	0.000	0.0	0.5	0.000	1.67	7	1.08	1	11.8	47.91	46.68	47.09	399.21	398.41	35.577	36.012	30.94	31.32	399.9	1988	183	97.27	-2.9	-0.783	0.2	111115
6	"15:19:38"	39.5	2.37	0.0207	179	0.0	0.0	0.0	0.0	0.0	0.000	0.000	0.000	-1	0.850	0.850	9	0.850	0.002	0.000	0.000	0.000	0.0	0.5	0.000	1.61	7.03	1.08	1	11.8	47.94	46.72	47.11	399.19	398.38	35.587	36.006	30.91	31.28	400.2	1988	184	97.27	-2.9	-0.783	0.2	111115
7	"15:19:44"	45.0	2.36	0.0209	181	0.0	0.0	0.0	0.0	0.0	0.000	0.000	0.000	-1	0.850	0.850	9	0.850	0.002	0.000	0.000	0.000	0.0	0.5	0.000	1.63	7.04	1.08	1	11.8	47.96	46.74	47.13	399.18	398.37	35.582	36.005	30.87	31.24	399.7	1988	185	97.27	-2.9	-0.783	0.2	111115
8	"15:19:49"	50.0	1.94	0.0211	213	0.0	0.0	0.0	0.0	0.0	0.000	0.000	0.000	-1	0.850	0.850	9	0.850	0.002	0.000	0.000	0.000	0.0	0.5	0.000	1.64	7.05	1.08	1	11.8	47.99	46.76	47.16	399.06	398.36	35.595	36.023	30.84	31.21	400.3	1988	186	97.27	-2.9	-0.783	0.5	111115
9	"15:19:54"	55.5	2.17	0.0208	194	0.0	0.0	0.0	0.0	0.0	0.000	0.000	0.000	-1	0.850	0.850	9	0.850	0.002	0.000	0.000	0.000	0.0	0.5	0.000	1.62	7.05	1.08	1	11.8	48.02	46.78	47.18	399.13	398.37	35.610	36.032	30.81	31.18	399.6	1987	187	97.27	-2.9	-0.783	0.5	111115
10	"15:20:00"	61.0	2.46	0.0206	172	0.0	0.0	0.0	0.0	0.0	0.000	0.000	0.000	-1	0.850	0.850	9	0.850	0.002	0.000	0.000	0.000	0.0	0.5	0.000	1.61	7.06	1.08	1	11.8	48.04	46.80	47.21	399.12	398.28	35.623	36.043	30.78	31.14	400.0	1986	187	97.27	-2.9	-0.783	0.8	111115
11	"15:20:05"	66.0	1.94	0.0211	213	0.0	0.0	0.0	0.0	0.0	0.000	0.000	0.000	-1	0.850	0.850	9	0.850	0.002	0.000	0.000	0.000	0.0	0.5	0.000	1.65	7.07	1.08	1	11.8	48.07	46.81	47.23	399.05	398.35	35.632	36.062	30.75	31.12	399.9	1987	188	97.27	-2.9	-0.783	0.5	111115
12	"15:20:10"	71.5	2.47	0.0211	175	0.0	0.0	0.0	0.0	0.0	0.000	0.000	0.000	-1	0.850	0.850	9	0.850	0.002	0.000	0.000	0.000	0.0	0.5	0.000	1.65	7.08	1.08	1	11.8	48.10	46.83	47.26	399.10	398.26	35.649	36.079	30.72	31.09	399.9	1987	188	97.28	-2.9	-0.783	0.5	111115
13	"15:20:16"	77.0	2.25	0.0217	195	0.0	0.0	0.0	0.0	0.0	0.000	0.000	0.000	-1	0.850	0.850	9	0.850	0.002	0.000	0.000	0.000	0.0	0.5	0.000	1.7	7.08	1.08	1	11.8	48.12	46.84	47.28	399.11	398.32	35.662	36.103	30.69	31.07	399.9	1988	188	97.28	-2.9	-0.783	0.8	111115
14	"15:20:21"	82.5	2	0.0212	209	0.0	0.0	0.0	0.0	0.0	0.000	0.000	0.000	-1	0.850	0.850	9	0.850	0.002	0.000	0.000	0.000	0.0	0.5	0.000	1.66	7.08	1.08	1	11.8	48.15	46.84	47.31	399.06	398.34	35.684	36.116	30.67	31.04	399.9	1988	188	97.28	-2.9	-0.783	0.8	111115
15	"15:20:27"	88.0	2.6	0.0222	174	0.0	0.0	0.0	0.0	0.0	0.000	0.000	0.000	-1	0.850	0.850	9	0.850	0.002	0.000	0.000	0.000	0.0	0.5	0.000	1.74	7.08	1.08	1	11.8	48.17	46.84	47.34	399.09	398.20	35.689	36.141	30.64	31.03	399.8	1988	188	97.28	-2.9	-0.783	0.5	111115
16	"15:20:32"	93.5	2.07	0.0222	211	0.0	0.0	0.0	0.0	0.0	0.000	0.000	0.000	-1	0.850	0.850	9	0.850	0.002	0.000	0.000	0.000	0.0	0.5	0.000	1.74	7.07	1.08	1	11.8	48.19	46.83	47.36	399.01	398.27	35.710	36.163	30.62	31.01	399.9	1988	188	97.28	-2.9	-0.783	0.8	111115
17	"15:20:38"	99.0	2.09	0.0226	211	0.0	0.0	0.0	0.0	0.0	0.000	0.000	0.000	-1	0.850	0.850	9	0.850	0.002	0.000	0.000	0.000	0.0	0.5	0.000	1.77	7.07	1.08	1	11.8	48.22	46.84	47.39	399.00	398.24	35.728	36.187	30.60	30.99	399.9	1988	188	97.28	-2.9	-0.783	0.5	111115
18	"15:20:44"	104.5	1.57	0.0223	245	0.0	0.0	0.0	0.0	0.0	0.000	0.000	0.000	-1	0.850	0.850	9	0.850	0.002	0.000	0.000	0.000	0.0	0.5	0.000	1.75	7.07	1.08	1	11.8	48.24	46.85	47.42	398.86	398.25	35.755	36.209	30.59	30.98	399.8	1987	187	97.28	-2.9	-0.783	0.5	111115
19	"15:20:49"	109.5	2.52	0.0228	184	0.0	0.0	0.0	0.0	0.0	0.000	0.000	0.000	-1	0.850	0.850	9	0.850	0.002	0.000	0.000	0.000	0.0	0.5	0.000	1.79	7.08	1.08	1	11.8	48.26	46.86	47.44	399.00	398.13	35.766	36.232	30.57	30.97	399.8	1987	185	97.28	-2.9	-0.783	0.5	111115
20	"15:20:54"	115.0	2.38	0.0234	198	0.0	0.0	0.0	0.0	0.0	0.000	0.000	0.000	-1	0.850	0.850	9	0.850	0.002	0.000	0.000	0.000	0.0	0.5	0.000	1.83	7.08	1.08	1	11.8	48.28	46.87	47.47	399.07	398.23	35.784	36.260	30.55	30.95	399.9	1987	183	97.28	-2.9	-0.783	0.8	111115
21	"15:20:59"	120.0	1.43	0.0237	260	0.0	0.0	0.0	0.0	0.0	0.000	0.000	0.000	-1	0.850	0.850	9	0.850	0.001	0.000	0.000	0.000	0.0	0.5	0.000	1.86	7.08	1.08	1	11.8	48.30	46.87	47.49	398.84	398.25	35.801	36.284	30.53	30.94	399.8	1988	182	97.28	-2.9	-0.783	0.8	111115
22	"15:21:04"	125.0	2.49	0.0233	190	0.0	0.0	0.0	0.0	0.0	0.000	0.000	0.000	-1	0.850	0.850	9	0.850	0.002	0.000	0.000	0.000	0.0	0.5	0.000	1.82	7.08	1.08	1	11.8	48.32	46.88	47.52	399.07	398.20	35.824	36.298	30.52	30.92	399.9	1988	182	97.28	-2.9	-0.783	0.8	111115
23	"15:21:09"	130.0	2.37	0.024	202	0.0	0.0	0.0	0.0	0.0	0.000	0.000	0.000	-1	0.850	0.850	9	0.850	0.002	0.000	0.000	0.000	0.0	0.5	0.000	1.88	7.08	1.08	1	11.8	48.34	46.89	47.55	398.95	398.10	35.835	36.325	30.50	30.92	399.8	1989	177	97.28	-2.9	-0.783	0.8	111115
24	"15:21:14"	135.5	2.36	0.0238	202	0.0	0.0	0.0	0.0	0.0	0.000	0.000	0.000	-1	0.850	0.850	9	0.850	0.002	0.000	0.000	0.000	0.0	0.5	0.000	1.87	7.09	1.08	1	11.8	48.36	46.91	47.57	398.95	398.11	35.860	36.347	30.49	30.91	399.9	1988	181	97.28	-2.9	-0.783	0.5	111115
25	"15:21:20"	141.0	3.14	0.0247	159	0.0	0.0	0.0	0.0	0.0	0.000	0.000	0.000	-1	0.850	0.850	9	0.850	0.002	0.000	0.000	0.000	0.0	0.5	0.000	1.94	7.09	1.08	1	11.8	48.38	46.90	47.60	399.12	398.07	35.874	36.378	30.47	30.90	399.8	1988	181	97.28	-2.9	-0.783	0.5	111115
26	"15:21:25"	146.0	2.09	0.0244	222	0.0	0.0	0.0	0.0	0.0	0.000	0.000	0.000	-1	0.850	0.850	9	0.850	0.002	0.000	0.000	0.000	0.0	0.5	0.000	1.91	7.09	1.08	1	11.8	48.40	46.91	47.62	398.78	398.01	35.898	36.396	30.47	30.89	399.9	1988	183	97.28	-2.9	-0.783	0.5	111115
27	"15:21:30"	151.5	2.39	0.0253	208	0.0	0.0	0.0	0.0	0.0	0.000	0.000	0.000	-1	0.850	0.850	9	0.850	0.002	0.000	0.000	0.000	0.0	0.5	0.000	1.98	7.09	1.08	1	11.8	48.42	46.92	47.64	398.81	397.95	35.910	36.426	30.45	30.89	399.9	1988	183	97.28	-2.9	-0.783	0.8	111115
28	"15:21:36"	156.5	2.56	0.0255	199	0.0	0.0	0.0	0.0	0.0	0.000	0.000	0.000	-1	0.850	0.850	9	0.850	0.002	0.000	0.000	0.000	0.0	0.5	0.000	2	7.09	1.08	1	11.8	48.43	46.92	47.67	398.86	397.95	35.927	36.449	30.44	30.88	399.9	1987	190	97.28	-2.9	-0.783	0.8	111115
29	"15:21:41"	162.0	2.94	0.0257	178	0.0	0.0	0.0	0.0	0.0	0.000	0.000	0.000	-1	0.850	0.850	9	0.850	0.002	0.000	0.000	0.000	0.0	0.5	0.000	2.01	7.09	1.08	1	11.8	48.45	46.93	47.70	398.88	397.87	35.952	36.476	30.43	30.87	399.9	1987	192	97.28	-2.9	-0.783	0.8	111115
30	"15:21:46"	167.0	2.21	0.0261	223	0.0	0.0	0.0	0.0	0.0	0.000	0.000	0.000	-1	0.850	0.850	9	0.850	0.002	0.000	0.000	0.000	0.0	0.5	0.000	2.05	7.09	1.08	1	11.8	48.47	46.93	47.72	398.79	397.98	35.967	36.500	30.41	30.86	399.9	1987	193	97.28	-2.9	-0.783	0.8	111115
31	"15:21:51"	172.5	2.63	0.0267	202	0.0	0.0	0.0	0.0	0.0	0.000	0.000	0.000	-1	0.850	0.850	9	0.850	0.002	0.000	0.000	0.000	0.0	0.5	0.000	2.1	7.09	1.08	1	11.8	48.49	46.95	47.75	398.79	397.85	35.995	36.540	30.40	30.86	399.8	1987	193	97.28	-2.9	-0.783	0.5	111115
32	"15:21:56"	177.5	2.88	0.0266	188	0.0	0.0	0.0	0.0	0.0	0.000	0.000	0.000	-1	0.850	0.850	9	0.850	0.002	0.000	0.000	0.000	0.0	0.5	0.000	2.09	7.09	1.08	1	11.8	48.51	46.94	47.77	398.90	397.90	36.018	36.561	30.39	30.85	399.9	1987	193	97.28	-2.9	-0.783	0.5	111115
33	"15:22:02"	183.0	2.96	0.0259	178	0.0	0.0	0.0	0.0	0.0	0.000	0.000	0.000	-1	0.850	0.850	9	0.850	0.002	0.000	0.000	0.000	0.0	0.5	0.000	2.03	7.09	1.08	1	11.8	48.53	46.96	47.80	398.87	397.86	36.058	36.586	30.40	30.84	399.9	1987	188	97.27	-2.9	-0.783	0.5	111115
34	"15:22:07"	188.0	2.48	0.0268	211	0.0	0.0	0.0	0.0	0.0	0.000	0.000	0.000	-1	0.850	0.850	9	0.850	0.002	0.000	0.000	0.000	0.0	0.5	0.000	2.11	7.1	1.08	1	11.8	48.55	46.96	47.82	398.63	397.73	36.072	36.620	30.38	30.84	399.9	1986	188	97.27	-2.9	-0.783	0.8	111115
35	"15:22:12"	193.0	2.87	0.0276	193	0.0	0.0	0.0	0.0	0.0	0.000	0.000	0.000	-1	0.850	0.850	9	0.850	0.002	0.000	0.000	0.000	0.0	0.5	0.000	2.17	7.1	1.08	1	11.8	48.57	46.98	47.85	398.79	397.78	36.090	36.653	30.37	30.84	399.8	1987	187	97.28	-2.9	-0.783	0.5	111115
36	"15:22:17"	198.5	2.47	0.0276	215	0.0	0.0	0.0	0.0	0.0	0.000	0.000	0.000	-1	0.850	0.850	9	0.850	0.002	0.000	0.000	0.000	0.0	0.5	0.000	2.17	7.1	1.08	1	11.8	48.59	46.99	47.88	398.60	397.70	36.121	36.685	30.36	30.84	399.9	1987	188	97.28	-2.9	-0.783	0.8	111115
37	"15:22:22"	203.5	3.99	0.0281	137	0.0	0.0	0.0	0.0	0.0	0.000	0.000	0.000	-1	0.850	0.850	9	0.850	0.003	0.000	0.000	0.000	0.0	0.5	0.000	2.21	7.1	1.08	1	11.8	48.61	46.99	47.89	398.87	397.56	36.136	36.711	30.35	30.83	399.9	1987	185	97.28	-2.9	-0.783	0.5	111115
38	"15:22:28"	209.0	3.11	0.0284	186	0.0	0.0	0.0	0.0	0.0	0.000	0.000	0.000	-1	0.850	0.850	9	0.850	0.002	0.000	0.000	0.000	0.0	0.5	0.000	2.23	7.1	1.08	1	11.8	48.63	47.00	47.92	398.78	397.70	36.175	36.756	30.35	30.84	399.8	1987	185	97.27	-2.9	-0.783	0.5	111115
39	"15:22:33"	214.0	2.45	0.0285	221	0.0	0.0	0.0	0.0	0.0	0.000	0.000	0.000	-1	0.850	0.850	9	0.850	0.002	0.000	0.000	0.000	0.0	0.5	0.000	2.24	7.11	1.08	1	11.8	48.65	47.01	47.94	398.58	397.68	36.203	36.785	30.35	30.84	399.8	1986	180	97.27	-2.9	-0.783	0.5	111115
40	"15:22:38"	219.0	3.13	0.0288	186	0.0	0.0	0.0	0.0	0.0	0.000	0.000	0.000	-1	0.850	0.850	9	0.850	0.002	0.000	0.000	0.000	0.0	0.5	0.000	2.26	7.11	1.08	1	11.8	48.66	47.02	47.97	398.66	397.57	36.232	36.820	30.35	30.84	399.8	1986	188	97.28	-2.9	-0.783	0.8	111115
