"OPEN 5.3.2"
"Mon Jul 11 2011 15:05:57"
"Unit="	"PSC-1512"
"LCF="	"LCF-0428"
"LCFCals="	" -1.94 -2.02-2862.00"
"ComputeList="	"/User/Configs/Comps/Std Flr Comp"
"BLCTable="	"/Sys/Lib/BLCTable_LCF"
"LightSource="	"6400-40 LCF"	1	0.16
"LogFormat="	"/User/Configs/LogFormats/Std Flr Log"
"LogCodes="	-35	-21	-36	30	23	36	-86	-88	-87	-89	-90	4202	4211	4212	4213	4206	4205	-81	4207	4215	4216	4220	4221	-96	4222	4223	21	25	-33	-34	-32	-9	-10	-8	-1	-2	-4	-5	-14	-15	-7	-12	-13	-11	-65	-66	-72	-23
"PromptList="	"/User/Configs/Prompts/Default (none)"
"Stability= (Photo 20s SLP<0.5)(Cond 20s SLP<0.01)(H2OS 20s SLP<1)(F 20s SLP<1)"
"15:05:58 "
$STARTOFDATA$
"Obs"	"HHMMSS"	"FTime"	"Photo"	"Cond"	"Ci"	"Fo"	"Fm"	"Fo'"	"Fm'"	"Fs"	"Fv/Fm"	"Fv'/Fm'"	"PhiPS2"	"Adark"	"RedAbs"	"BlueAbs"	"%Blue"	"LeafAbs"	"PhiCO2"	"qP"	"qN"	"NPQ"	"ParIn@Fs"	"PS2/1"	"ETR"	"Trmmol"	"VpdL"	"Area"	"StmRat"	"BLCond"	"Tair"	"Tleaf"	"TBlk"	"CO2R"	"CO2S"	"H2OR"	"H2OS"	"RH_R"	"RH_S"	"Flow"	"PARi"	"PARo"	"Press"	"CsMch"	"HsMch"	"StableF"	"Status"
1	"15:06:05"	12.5	3.9	0.0309	165	0.0	0.0	0.0	0.0	0.0	0.000	0.000	0.000	-1	0.850	0.850	9	0.850	0.003	0.000	0.000	0.000	0.0	0.5	0.000	2.09	6.12	1.08	1	11.8	46.07	45.38	45.25	399.59	398.31	37.553	38.095	35.87	36.39	399.8	1900	110	97.28	-2.9	-0.783	0.2	111115
2	"15:06:10"	17.5	4.7	0.0322	136	0.0	0.0	0.0	0.0	0.0	0.000	0.000	0.000	-1	0.850	0.850	9	0.850	0.003	0.000	0.000	0.000	0.0	0.5	0.000	2.18	6.14	1.08	1	11.8	46.08	45.41	45.26	400.11	398.61	37.540	38.106	35.84	36.38	400.0	1984	110	97.28	-2.9	-0.783	0.2	111115
3	"15:06:15"	22.5	4.14	0.0324	164	0.0	0.0	0.0	0.0	0.0	0.000	0.000	0.000	-1	0.850	0.850	9	0.850	0.003	0.000	0.000	0.000	0.0	0.5	0.000	2.2	6.16	1.08	1	11.8	46.09	45.45	45.27	400.24	398.88	37.524	38.096	35.80	36.35	400.0	1991	110	97.28	-2.9	-0.783	0.2	111115
4	"15:06:20"	27.5	3.29	0.0315	199	0.0	0.0	0.0	0.0	0.0	0.000	0.000	0.000	-1	0.850	0.850	9	0.850	0.003	0.000	0.000	0.000	0.0	0.5	0.000	2.15	6.17	1.08	1	11.8	46.10	45.48	45.28	400.18	399.06	37.529	38.087	35.79	36.32	400.0	1991	110	97.28	-2.9	-0.783	0.8	111115
5	"15:06:25"	32.5	2.82	0.031	220	0.0	0.0	0.0	0.0	0.0	0.000	0.000	0.000	-1	0.850	0.850	9	0.850	0.002	0.000	0.000	0.000	0.0	0.5	0.000	2.12	6.19	1.08	1	11.8	46.11	45.51	45.29	400.17	399.18	37.521	38.071	35.77	36.29	400.0	1992	110	97.28	-2.9	-0.783	0.5	111115
6	"15:06:30"	37.5	1.79	0.0296	266	0.0	0.0	0.0	0.0	0.0	0.000	0.000	0.000	-1	0.850	0.850	9	0.850	0.002	0.000	0.000	0.000	0.0	0.5	0.000	2.02	6.2	1.08	1	11.8	46.12	45.51	45.30	400.02	399.31	37.529	38.054	35.76	36.26	399.8	1992	110	97.28	-2.9	-0.783	0.5	111115
7	"15:06:35"	43.0	1.74	0.0285	265	0.0	0.0	0.0	0.0	0.0	0.000	0.000	0.000	-1	0.850	0.850	9	0.850	0.002	0.000	0.000	0.000	0.0	0.5	0.000	1.95	6.21	1.08	1	11.8	46.13	45.53	45.30	399.95	399.27	37.527	38.033	35.74	36.23	400.1	1993	110	97.28	-2.9	-0.783	0.5	111115
8	"15:06:41"	48.0	2.2	0.0275	236	0.0	0.0	0.0	0.0	0.0	0.000	0.000	0.000	-1	0.850	0.850	9	0.850	0.002	0.000	0.000	0.000	0.0	0.5	0.000	1.88	6.21	1.08	1	11.8	46.13	45.54	45.31	400.05	399.26	37.529	38.018	35.74	36.20	400.0	1990	110	97.28	-2.9	-0.783	0.2	111115
9	"15:06:46"	53.5	2.26	0.0266	229	0.0	0.0	0.0	0.0	0.0	0.000	0.000	0.000	-1	0.850	0.850	9	0.850	0.002	0.000	0.000	0.000	0.0	0.5	0.000	1.83	6.23	1.08	1	11.8	46.14	45.56	45.32	400.09	399.28	37.526	38.001	35.73	36.18	399.9	1990	110	97.28	-2.9	-0.783	0.2	111115
10	"15:06:51"	59.0	2.18	0.0257	229	0.0	0.0	0.0	0.0	0.0	0.000	0.000	0.000	-1	0.850	0.850	9	0.850	0.002	0.000	0.000	0.000	0.0	0.5	0.000	1.77	6.22	1.08	1	11.8	46.14	45.55	45.32	400.08	399.30	37.531	37.990	35.72	36.16	399.9	1991	110	97.28	-2.9	-0.783	0.5	111115
11	"15:06:56"	63.5	1.81	0.026	251	0.0	0.0	0.0	0.0	0.0	0.000	0.000	0.000	-1	0.850	0.850	9	0.850	0.002	0.000	0.000	0.000	0.0	0.5	0.000	1.79	6.23	1.08	1	11.8	46.14	45.58	45.32	399.89	399.21	37.526	37.989	35.71	36.16	400.0	1991	110	97.28	-2.9	-0.783	0.8	111115
12	"15:07:02"	69.5	2.31	0.0252	218	0.0	0.0	0.0	0.0	0.0	0.000	0.000	0.000	-1	0.850	0.850	9	0.850	0.002	0.000	0.000	0.000	0.0	0.5	0.000	1.73	6.24	1.08	1	11.8	46.14	45.58	45.33	400.05	399.24	37.519	37.968	35.70	36.13	400.0	1992	110	97.28	-2.9	-0.783	0.8	111115
13	"15:07:07"	75.0	1.71	0.0243	251	0.0	0.0	0.0	0.0	0.0	0.000	0.000	0.000	-1	0.850	0.850	9	0.850	0.002	0.000	0.000	0.000	0.0	0.5	0.000	1.67	6.24	1.08	1	11.8	46.15	45.58	45.33	399.96	399.32	37.525	37.960	35.71	36.12	400.0	1992	110	97.28	-2.9	-0.783	0.5	111115
14	"15:07:13"	80.5	2.08	0.0237	224	0.0	0.0	0.0	0.0	0.0	0.000	0.000	0.000	-1	0.850	0.850	9	0.850	0.002	0.000	0.000	0.000	0.0	0.5	0.000	1.63	6.24	1.08	1	11.8	46.15	45.58	45.34	400.03	399.29	37.521	37.944	35.70	36.10	399.6	1992	110	97.28	-2.9	-0.783	0.5	111115
15	"15:07:18"	86.0	2.13	0.023	217	0.0	0.0	0.0	0.0	0.0	0.000	0.000	0.000	-1	0.850	0.850	9	0.850	0.002	0.000	0.000	0.000	0.0	0.5	0.000	1.58	6.23	1.08	1	11.8	46.15	45.57	45.35	400.00	399.25	37.521	37.931	35.69	36.08	400.1	1992	110	97.28	-2.9	-0.783	0.5	111115
16	"15:07:23"	91.0	1.55	0.0221	251	0.0	0.0	0.0	0.0	0.0	0.000	0.000	0.000	-1	0.850	0.850	9	0.850	0.002	0.000	0.000	0.000	0.0	0.5	0.000	1.52	6.24	1.08	1	11.8	46.15	45.57	45.35	399.90	399.32	37.527	37.923	35.69	36.07	400.0	1992	111	97.28	-2.9	-0.783	0.5	111115
17	"15:07:28"	96.0	1.78	0.0226	238	0.0	0.0	0.0	0.0	0.0	0.000	0.000	0.000	-1	0.850	0.850	9	0.850	0.002	0.000	0.000	0.000	0.0	0.5	0.000	1.56	6.24	1.08	1	11.8	46.16	45.57	45.36	399.96	399.32	37.516	37.920	35.67	36.06	400.0	1993	111	97.28	-2.9	-0.783	0.5	111115
18	"15:07:34"	101.5	1.87	0.0218	227	0.0	0.0	0.0	0.0	0.0	0.000	0.000	0.000	-1	0.850	0.850	9	0.850	0.002	0.000	0.000	0.000	0.0	0.5	0.000	1.5	6.23	1.08	1	11.8	46.16	45.55	45.37	400.01	399.34	37.516	37.905	35.67	36.04	399.8	1990	111	97.28	-2.9	-0.783	0.8	111115
19	"15:07:39"	106.0	1.15	0.0221	278	0.0	0.0	0.0	0.0	0.0	0.000	0.000	0.000	-1	0.850	0.850	9	0.850	0.001	0.000	0.000	0.000	0.0	0.5	0.000	1.52	6.23	1.08	1	11.8	46.16	45.56	45.37	399.78	399.30	37.508	37.903	35.66	36.03	400.0	1990	111	97.28	-2.9	-0.783	0.5	111115
20	"15:07:44"	111.5	1.83	0.021	225	0.0	0.0	0.0	0.0	0.0	0.000	0.000	0.000	-1	0.850	0.850	9	0.850	0.002	0.000	0.000	0.000	0.0	0.5	0.000	1.44	6.24	1.08	1	11.8	46.17	45.56	45.38	399.95	399.30	37.521	37.896	35.67	36.02	400.0	1990	111	97.28	-2.9	-0.783	0.5	111115
21	"15:07:49"	116.5	1.84	0.0212	226	0.0	0.0	0.0	0.0	0.0	0.000	0.000	0.000	-1	0.850	0.850	9	0.850	0.002	0.000	0.000	0.000	0.0	0.5	0.000	1.46	6.23	1.08	1	11.8	46.17	45.55	45.38	400.02	399.37	37.513	37.891	35.65	36.01	400.0	1990	111	97.28	-2.9	-0.783	0.8	111115
22	"15:07:54"	121.5	1.48	0.0204	247	0.0	0.0	0.0	0.0	0.0	0.000	0.000	0.000	-1	0.850	0.850	9	0.850	0.001	0.000	0.000	0.000	0.0	0.5	0.000	1.4	6.23	1.08	1	11.8	46.17	45.55	45.38	399.90	399.34	37.523	37.889	35.66	36.00	399.5	1990	111	97.28	-2.9	-0.783	0.8	111115
23	"15:07:59"	127.0	1.1	0.0199	274	0.0	0.0	0.0	0.0	0.0	0.000	0.000	0.000	-1	0.850	0.850	9	0.850	0.001	0.000	0.000	0.000	0.0	0.5	0.000	1.37	6.23	1.08	1	11.8	46.18	45.55	45.39	399.83	399.39	37.524	37.879	35.65	35.98	400.3	1990	111	97.28	-2.9	-0.783	0.5	111115
24	"15:08:05"	132.0	1.78	0.0204	225	0.0	0.0	0.0	0.0	0.0	0.000	0.000	0.000	-1	0.850	0.850	9	0.850	0.002	0.000	0.000	0.000	0.0	0.5	0.000	1.4	6.23	1.08	1	11.8	46.18	45.55	45.40	399.91	399.27	37.526	37.890	35.65	35.99	399.8	1990	111	97.28	-2.9	-0.783	0.8	111115
25	"15:08:10"	137.5	0.821	0.02	295	0.0	0.0	0.0	0.0	0.0	0.000	0.000	0.000	-1	0.850	0.850	9	0.850	0.001	0.000	0.000	0.000	0.0	0.5	0.000	1.37	6.23	1.08	1	11.8	46.18	45.55	45.40	399.62	399.25	37.524	37.881	35.64	35.98	399.9	1990	112	97.28	-2.9	-0.783	0.8	111115
26	"15:08:15"	142.5	1.35	0.0198	254	0.0	0.0	0.0	0.0	0.0	0.000	0.000	0.000	-1	0.850	0.850	9	0.850	0.001	0.000	0.000	0.000	0.0	0.5	0.000	1.36	6.22	1.08	1	11.8	46.19	45.54	45.41	399.81	399.30	37.531	37.884	35.64	35.97	400.0	1990	112	97.28	-2.9	-0.783	0.5	111115
27	"15:08:20"	147.5	1.7	0.019	222	0.0	0.0	0.0	0.0	0.0	0.000	0.000	0.000	-1	0.850	0.850	9	0.850	0.002	0.000	0.000	0.000	0.0	0.5	0.000	1.31	6.23	1.08	1	11.8	46.19	45.54	45.41	399.88	399.28	37.536	37.876	35.63	35.96	399.6	1991	112	97.28	-2.9	-0.783	0.8	111115
28	"15:08:25"	153.0	1.46	0.0197	246	0.0	0.0	0.0	0.0	0.0	0.000	0.000	0.000	-1	0.850	0.850	9	0.850	0.001	0.000	0.000	0.000	0.0	0.5	0.000	1.36	6.23	1.08	1	11.8	46.19	45.54	45.42	399.88	399.34	37.528	37.880	35.62	35.96	400.1	1991	112	97.28	-2.9	-0.783	0.8	111115
29	"15:08:31"	158.0	1.55	0.0195	237	0.0	0.0	0.0	0.0	0.0	0.000	0.000	0.000	-1	0.850	0.850	9	0.850	0.002	0.000	0.000	0.000	0.0	0.5	0.000	1.34	6.23	1.08	1	11.8	46.20	45.55	45.42	399.79	399.23	37.535	37.884	35.62	35.96	400.1	1991	112	97.28	-2.9	-0.783	0.5	111115
30	"15:08:36"	163.5	1.54	0.019	235	0.0	0.0	0.0	0.0	0.0	0.000	0.000	0.000	-1	0.850	0.850	9	0.850	0.002	0.000	0.000	0.000	0.0	0.5	0.000	1.31	6.23	1.08	1	11.8	46.20	45.55	45.43	399.81	399.25	37.537	37.877	35.62	35.94	399.7	1991	112	97.28	-2.9	-0.783	0.5	111115
31	"15:08:41"	168.5	1.43	0.0193	245	0.0	0.0	0.0	0.0	0.0	0.000	0.000	0.000	-1	0.850	0.850	9	0.850	0.001	0.000	0.000	0.000	0.0	0.5	0.000	1.33	6.24	1.08	1	11.8	46.20	45.56	45.43	399.76	399.23	37.537	37.882	35.61	35.94	399.9	1991	112	97.28	-2.9	-0.783	0.5	111115
32	"15:08:46"	173.5	1.54	0.0182	230	0.0	0.0	0.0	0.0	0.0	0.000	0.000	0.000	-1	0.850	0.850	9	0.850	0.001	0.000	0.000	0.000	0.0	0.5	0.000	1.25	6.23	1.08	1	11.8	46.21	45.55	45.44	399.83	399.28	37.556	37.882	35.62	35.93	399.9	1992	112	97.28	-2.9	-0.783	1.0	111115
33	"15:08:52"	179.0	1.46	0.0183	236	0.0	0.0	0.0	0.0	0.0	0.000	0.000	0.000	-1	0.850	0.850	9	0.850	0.001	0.000	0.000	0.000	0.0	0.5	0.000	1.26	6.22	1.08	1	11.8	46.21	45.53	45.44	399.75	399.22	37.556	37.883	35.62	35.92	399.9	1992	112	97.28	-2.9	-0.783	1.0	111115
34	"15:08:57"	184.0	1.31	0.0187	252	0.0	0.0	0.0	0.0	0.0	0.000	0.000	0.000	-1	0.850	0.850	9	0.850	0.001	0.000	0.000	0.000	0.0	0.5	0.000	1.29	6.22	1.08	1	11.8	46.22	45.53	45.44	399.72	399.23	37.558	37.892	35.61	35.93	400.0	1992	112	97.28	-2.9	-0.783	0.8	111115
35	"15:09:02"	189.5	1.09	0.0182	267	0.0	0.0	0.0	0.0	0.0	0.000	0.000	0.000	-1	0.850	0.850	9	0.850	0.001	0.000	0.000	0.000	0.0	0.5	0.000	1.25	6.22	1.08	1	11.8	46.22	45.54	45.45	399.64	399.21	37.568	37.892	35.62	35.92	400.0	1992	112	97.27	-2.9	-0.783	0.5	111115
36	"15:09:07"	194.5	1.46	0.0185	238	0.0	0.0	0.0	0.0	0.0	0.000	0.000	0.000	-1	0.850	0.850	9	0.850	0.001	0.000	0.000	0.000	0.0	0.5	0.000	1.27	6.22	1.08	1	11.8	46.22	45.54	45.45	399.70	399.17	37.568	37.897	35.61	35.92	400.0	1992	112	97.27	-2.9	-0.783	0.8	111115
37	"15:09:12"	199.5	1.4	0.0184	242	0.0	0.0	0.0	0.0	0.0	0.000	0.000	0.000	-1	0.850	0.850	9	0.850	0.001	0.000	0.000	0.000	0.0	0.5	0.000	1.27	6.23	1.08	1	11.8	46.22	45.55	45.46	399.67	399.16	37.572	37.902	35.61	35.92	399.5	1992	111	97.27	-2.9	-0.783	0.8	111115
38	"15:09:17"	205.0	1.15	0.0182	261	0.0	0.0	0.0	0.0	0.0	0.000	0.000	0.000	-1	0.850	0.850	9	0.850	0.001	0.000	0.000	0.000	0.0	0.5	0.000	1.25	6.22	1.08	1	11.8	46.22	45.54	45.46	399.64	399.20	37.573	37.898	35.61	35.92	400.0	1992	111	97.27	-2.9	-0.783	0.8	111115
