"OPEN 5.3.2"
"Mon Jul 11 2011 15:08:42"
"Unit="	"PSC-1570"
"LCF="	"LCF-0398"
"LCFCals="	" -1.56 -1.57  0.00"
"ComputeList="	"/User/Configs/Comps/Std Flr Comp"
"BLCTable="	"/Sys/Lib/BLCTable_LCF"
"LightSource="	"6400-40 LCF"	1	0.16
"LogFormat="	"/User/Configs/LogFormats/Std Flr Log"
"LogCodes="	-35	-21	-36	30	23	36	-86	-88	-87	-89	-90	4202	4211	4212	4213	4206	4205	-81	4207	4215	4216	4220	4221	-96	4222	4223	21	25	-33	-34	-32	-9	-10	-8	-1	-2	-4	-5	-14	-15	-7	-12	-13	-11	-65	-66	-72	-23
"PromptList="	"/User/Configs/Prompts/Default (none)"
"Stability= (Photo 20s SLP<0.5)(Cond 20s SLP<0.01)(H2OS 20s SLP<1)(F 20s SLP<1)"
"15:08:42 "
$STARTOFDATA$
"Obs"	"HHMMSS"	"FTime"	"Photo"	"Cond"	"Ci"	"Fo"	"Fm"	"Fo'"	"Fm'"	"Fs"	"Fv/Fm"	"Fv'/Fm'"	"PhiPS2"	"Adark"	"RedAbs"	"BlueAbs"	"%Blue"	"LeafAbs"	"PhiCO2"	"qP"	"qN"	"NPQ"	"ParIn@Fs"	"PS2/1"	"ETR"	"Trmmol"	"VpdL"	"Area"	"StmRat"	"BLCond"	"Tair"	"Tleaf"	"TBlk"	"CO2R"	"CO2S"	"H2OR"	"H2OS"	"RH_R"	"RH_S"	"Flow"	"PARi"	"PARo"	"Press"	"CsMch"	"HsMch"	"StableF"	"Status"
1	"15:08:49"	15.0	35.5	0.304	172	0.0	0.0	0.0	0.0	0.0	0.000	0.000	0.000	-1	0.850	0.850	0	0.850	0.021	0.000	0.000	0.000	0.0	0.5	0.000	13.9	4.26	1.49	1	10.7	45.05	41.65	44.83	400.16	384.92	34.847	39.836	34.69	39.65	399.9	2066	178	96.2	15.6	-0.0943	0.2	111115
2	"15:08:54"	20.0	34.4	0.309	181	0.0	0.0	0.0	0.0	0.0	0.000	0.000	0.000	-1	0.850	0.850	0	0.850	0.021	0.000	0.000	0.000	0.0	0.5	0.000	14.2	4.27	1.49	1	10.7	45.05	41.68	44.82	400.00	385.15	34.834	39.918	34.67	39.73	399.9	2006	178	96.2	15.6	-0.0943	0.2	111115
3	"15:09:00"	25.5	34	0.312	185	0.0	0.0	0.0	0.0	0.0	0.000	0.000	0.000	-1	0.850	0.850	0	0.850	0.021	0.000	0.000	0.000	0.0	0.5	0.000	14.3	4.26	1.49	1	10.7	45.05	41.68	44.81	400.09	385.37	34.831	39.952	34.68	39.77	399.9	2000	178	96.2	15.6	-0.0943	0.2	111115
4	"15:09:05"	31.0	34	0.316	187	0.0	0.0	0.0	0.0	0.0	0.000	0.000	0.000	-1	0.850	0.850	0	0.850	0.021	0.000	0.000	0.000	0.0	0.5	0.000	14.5	4.25	1.49	1	10.7	45.04	41.67	44.80	400.16	385.41	34.816	39.987	34.67	39.82	399.9	2000	177	96.2	15.6	-0.0943	0.2	111115
5	"15:09:10"	36.5	33.9	0.317	189	0.0	0.0	0.0	0.0	0.0	0.000	0.000	0.000	-1	0.850	0.850	0	0.850	0.021	0.000	0.000	0.000	0.0	0.5	0.000	14.5	4.25	1.49	1	10.7	45.04	41.67	44.79	400.19	385.47	34.799	39.996	34.67	39.84	399.9	2000	174	96.2	15.6	-0.0943	0.2	111115
6	"15:09:16"	42.0	34.4	0.317	186	0.0	0.0	0.0	0.0	0.0	0.000	0.000	0.000	-1	0.850	0.850	0	0.850	0.021	0.000	0.000	0.000	0.0	0.5	0.000	14.6	4.26	1.49	1	10.7	45.03	41.68	44.78	400.43	385.51	34.793	39.998	34.67	39.86	399.9	2000	174	96.2	15.6	-0.0943	0.2	111115
7	"15:09:21"	47.5	34	0.318	188	0.0	0.0	0.0	0.0	0.0	0.000	0.000	0.000	-1	0.850	0.850	0	0.850	0.021	0.000	0.000	0.000	0.0	0.5	0.000	14.6	4.26	1.49	1	10.7	45.02	41.69	44.77	400.12	385.37	34.784	39.999	34.68	39.88	400.0	2000	174	96.2	15.6	-0.0943	0.2	111115
8	"15:09:27"	53.0	33.8	0.317	189	0.0	0.0	0.0	0.0	0.0	0.000	0.000	0.000	-1	0.850	0.850	0	0.850	0.020	0.000	0.000	0.000	0.0	0.5	0.000	14.5	4.27	1.49	1	10.7	45.02	41.70	44.77	400.19	385.49	34.792	39.994	34.70	39.89	399.8	2000	180	96.2	15.6	-0.0943	0.5	111115
9	"15:09:32"	58.0	33.9	0.319	190	0.0	0.0	0.0	0.0	0.0	0.000	0.000	0.000	-1	0.850	0.850	0	0.850	0.021	0.000	0.000	0.000	0.0	0.5	0.000	14.6	4.25	1.49	1	10.7	45.01	41.66	44.76	400.27	385.56	34.774	39.995	34.69	39.90	400.0	2000	181	96.2	15.6	-0.0943	0.5	111115
10	"15:09:37"	63.5	33.9	0.318	189	0.0	0.0	0.0	0.0	0.0	0.000	0.000	0.000	-1	0.850	0.850	0	0.850	0.021	0.000	0.000	0.000	0.0	0.5	0.000	14.6	4.26	1.49	1	10.7	45.00	41.68	44.75	400.29	385.58	34.767	39.990	34.70	39.91	399.9	2000	196	96.2	15.6	-0.0943	0.5	111115
11	"15:09:42"	68.5	33.6	0.319	191	0.0	0.0	0.0	0.0	0.0	0.000	0.000	0.000	-1	0.850	0.850	0	0.850	0.020	0.000	0.000	0.000	0.0	0.5	0.000	14.6	4.26	1.49	1	10.7	45.00	41.68	44.74	400.21	385.61	34.757	39.984	34.70	39.91	399.9	2000	196	96.2	15.6	-0.0943	0.5	111115
12	"15:09:47"	73.5	33.3	0.319	193	0.0	0.0	0.0	0.0	0.0	0.000	0.000	0.000	-1	0.850	0.850	0	0.850	0.020	0.000	0.000	0.000	0.0	0.5	0.000	14.6	4.26	1.49	1	10.7	44.99	41.68	44.74	400.09	385.58	34.737	39.972	34.69	39.91	399.9	2000	187	96.2	15.6	-0.0943	0.5	111115
13	"15:09:52"	78.5	33.9	0.319	189	0.0	0.0	0.0	0.0	0.0	0.000	0.000	0.000	-1	0.850	0.850	0	0.850	0.021	0.000	0.000	0.000	0.0	0.5	0.000	14.6	4.27	1.49	1	10.7	44.98	41.70	44.73	400.23	385.50	34.728	39.968	34.69	39.92	399.9	2000	190	96.2	15.6	-0.0943	0.5	111115
14	"15:09:57"	83.5	33.7	0.318	190	0.0	0.0	0.0	0.0	0.0	0.000	0.000	0.000	-1	0.850	0.850	0	0.850	0.020	0.000	0.000	0.000	0.0	0.5	0.000	14.6	4.27	1.49	1	10.7	44.98	41.69	44.73	400.20	385.54	34.732	39.955	34.70	39.92	399.9	2000	180	96.2	15.6	-0.0943	0.8	111115
15	"15:10:02"	88.5	33.8	0.319	190	0.0	0.0	0.0	0.0	0.0	0.000	0.000	0.000	-1	0.850	0.850	0	0.850	0.020	0.000	0.000	0.000	0.0	0.5	0.000	14.6	4.26	1.49	1	10.7	44.97	41.68	44.72	400.18	385.48	34.720	39.950	34.70	39.93	399.9	2000	179	96.2	15.6	-0.0943	0.8	111115
16	"15:10:07"	93.5	34.4	0.319	187	0.0	0.0	0.0	0.0	0.0	0.000	0.000	0.000	-1	0.850	0.850	0	0.850	0.021	0.000	0.000	0.000	0.0	0.5	0.000	14.6	4.26	1.49	1	10.7	44.97	41.67	44.71	400.43	385.52	34.707	39.935	34.70	39.92	399.9	2000	179	96.2	15.6	-0.0943	0.5	111115
17	"15:10:12"	98.5	33.8	0.319	190	0.0	0.0	0.0	0.0	0.0	0.000	0.000	0.000	-1	0.850	0.850	0	0.850	0.020	0.000	0.000	0.000	0.0	0.5	0.000	14.7	4.27	1.49	1	10.7	44.96	41.70	44.71	400.32	385.64	34.693	39.933	34.69	39.93	399.9	1999	179	96.2	15.6	-0.0943	0.5	111115
18	"15:10:17"	103.5	32.9	0.317	194	0.0	0.0	0.0	0.0	0.0	0.000	0.000	0.000	-1	0.850	0.850	0	0.850	0.020	0.000	0.000	0.000	0.0	0.5	0.000	14.6	4.27	1.49	1	10.7	44.96	41.69	44.70	399.96	385.62	34.689	39.910	34.70	39.92	399.9	1999	181	96.2	15.6	-0.0943	0.5	111115
19	"15:10:22"	108.5	33.4	0.319	192	0.0	0.0	0.0	0.0	0.0	0.000	0.000	0.000	-1	0.850	0.850	0	0.850	0.020	0.000	0.000	0.000	0.0	0.5	0.000	14.7	4.27	1.49	1	10.7	44.95	41.68	44.70	400.18	385.62	34.668	39.912	34.69	39.93	399.9	1999	180	96.2	15.6	-0.0943	0.5	111115
20	"15:10:27"	113.5	33.7	0.319	191	0.0	0.0	0.0	0.0	0.0	0.000	0.000	0.000	-1	0.850	0.850	0	0.850	0.020	0.000	0.000	0.000	0.0	0.5	0.000	14.6	4.26	1.49	1	10.7	44.95	41.67	44.69	400.35	385.69	34.663	39.902	34.69	39.94	399.9	1999	180	96.2	15.6	-0.0943	0.5	111115
21	"15:10:32"	118.5	33	0.318	193	0.0	0.0	0.0	0.0	0.0	0.000	0.000	0.000	-1	0.850	0.850	0	0.850	0.020	0.000	0.000	0.000	0.0	0.5	0.000	14.6	4.27	1.49	1	10.7	44.94	41.69	44.69	400.16	385.75	34.653	39.887	34.69	39.93	399.9	1999	178	96.2	15.6	-0.0943	0.8	111115
22	"15:10:37"	123.5	33.2	0.317	192	0.0	0.0	0.0	0.0	0.0	0.000	0.000	0.000	-1	0.850	0.850	0	0.850	0.020	0.000	0.000	0.000	0.0	0.5	0.000	14.6	4.27	1.49	1	10.7	44.94	41.69	44.68	400.17	385.69	34.654	39.876	34.70	39.93	399.9	2000	180	96.2	15.6	-0.0943	0.5	111115
