"OPEN 5.3.2"
"Mon Jul 11 2011 13:09:24"
"Unit="	"PSC-1512"
"LCF="	"LCF-0428"
"LCFCals="	" -1.94 -2.02-2862.00"
"ComputeList="	"/User/Configs/Comps/Std Flr Comp"
"BLCTable="	"/Sys/Lib/BLCTable_LCF"
"LightSource="	"6400-40 LCF"	1	0.16
"LogFormat="	"/User/Configs/LogFormats/Std Flr Log"
"LogCodes="	-35	-21	-36	30	23	36	-86	-88	-87	-89	-90	4202	4211	4212	4213	4206	4205	-81	4207	4215	4216	4220	4221	-96	4222	4223	21	25	-33	-34	-32	-9	-10	-8	-1	-2	-4	-5	-14	-15	-7	-12	-13	-11	-65	-66	-72	-23
"PromptList="	"/User/Configs/Prompts/Default (none)"
"Stability= (Photo 20s SLP<0.5)(Cond 20s SLP<0.01)(H2OS 20s SLP<1)(F 20s SLP<1)"
"13:09:24 "
$STARTOFDATA$
"Obs"	"HHMMSS"	"FTime"	"Photo"	"Cond"	"Ci"	"Fo"	"Fm"	"Fo'"	"Fm'"	"Fs"	"Fv/Fm"	"Fv'/Fm'"	"PhiPS2"	"Adark"	"RedAbs"	"BlueAbs"	"%Blue"	"LeafAbs"	"PhiCO2"	"qP"	"qN"	"NPQ"	"ParIn@Fs"	"PS2/1"	"ETR"	"Trmmol"	"VpdL"	"Area"	"StmRat"	"BLCond"	"Tair"	"Tleaf"	"TBlk"	"CO2R"	"CO2S"	"H2OR"	"H2OS"	"RH_R"	"RH_S"	"Flow"	"PARi"	"PARo"	"Press"	"CsMch"	"HsMch"	"StableF"	"Status"
1	"13:09:32"	11.5	16.9	0.179	218	0.0	0.0	0.0	0.0	0.0	0.000	0.000	0.000	-1	0.850	0.850	9	0.850	0.011	0.000	0.000	0.000	0.0	0.5	0.000	8.86	4.59	1.08	1	11.8	42.89	41.58	42.30	400.37	394.86	33.325	35.633	37.56	40.16	399.9	1918	59	97.35	-3.45	-0.663	0.2	111115
2	"13:09:37"	16.5	17.9	0.174	203	0.0	0.0	0.0	0.0	0.0	0.000	0.000	0.000	-1	0.850	0.850	9	0.850	0.011	0.000	0.000	0.000	0.0	0.5	0.000	8.62	4.6	1.08	1	11.8	42.90	41.59	42.30	400.06	394.31	33.315	35.558	37.52	40.05	400.0	1989	59	97.35	-3.45	-0.663	0.2	111115
3	"13:09:42"	21.5	20	0.17	180	0.0	0.0	0.0	0.0	0.0	0.000	0.000	0.000	-1	0.850	0.850	9	0.850	0.012	0.000	0.000	0.000	0.0	0.5	0.000	8.44	4.63	1.08	1	11.8	42.91	41.63	42.30	400.18	393.89	33.327	35.525	37.52	39.99	400.0	1992	58	97.35	-3.45	-0.663	0.2	111115
4	"13:09:47"	27.0	20.7	0.169	172	0.0	0.0	0.0	0.0	0.0	0.000	0.000	0.000	-1	0.850	0.850	9	0.850	0.013	0.000	0.000	0.000	0.0	0.5	0.000	8.4	4.62	1.08	1	11.8	42.92	41.61	42.30	400.15	393.67	33.320	35.508	37.50	39.96	400.0	1993	59	97.35	-3.45	-0.663	0.2	111115
5	"13:09:53"	32.5	21.1	0.168	168	0.0	0.0	0.0	0.0	0.0	0.000	0.000	0.000	-1	0.850	0.850	9	0.850	0.013	0.000	0.000	0.000	0.0	0.5	0.000	8.38	4.62	1.08	1	11.8	42.92	41.61	42.30	400.04	393.46	33.321	35.503	37.49	39.95	400.0	1993	59	97.35	-3.45	-0.663	0.2	111115
6	"13:09:58"	38.0	22.6	0.167	153	0.0	0.0	0.0	0.0	0.0	0.000	0.000	0.000	-1	0.850	0.850	9	0.850	0.014	0.000	0.000	0.000	0.0	0.5	0.000	8.34	4.63	1.08	1	11.8	42.93	41.62	42.31	400.43	393.45	33.331	35.503	37.49	39.94	399.9	1993	59	97.35	-3.45	-0.663	0.2	111115
7	"13:10:03"	43.0	21.8	0.167	160	0.0	0.0	0.0	0.0	0.0	0.000	0.000	0.000	-1	0.850	0.850	9	0.850	0.013	0.000	0.000	0.000	0.0	0.5	0.000	8.3	4.62	1.08	1	11.8	42.93	41.60	42.31	400.20	393.44	33.336	35.497	37.49	39.92	399.9	1993	60	97.35	-3.45	-0.663	0.5	111115
8	"13:10:09"	48.5	21.6	0.168	163	0.0	0.0	0.0	0.0	0.0	0.000	0.000	0.000	-1	0.850	0.850	9	0.850	0.013	0.000	0.000	0.000	0.0	0.5	0.000	8.37	4.61	1.08	1	11.8	42.93	41.60	42.31	400.13	393.41	33.327	35.506	37.48	39.93	399.9	1993	60	97.35	-3.45	-0.663	0.5	111115
9	"13:10:14"	54.0	21.9	0.167	159	0.0	0.0	0.0	0.0	0.0	0.000	0.000	0.000	-1	0.850	0.850	9	0.850	0.014	0.000	0.000	0.000	0.0	0.5	0.000	8.32	4.62	1.08	1	11.8	42.94	41.61	42.32	400.20	393.41	33.338	35.504	37.48	39.92	399.9	1993	60	97.35	-3.45	-0.663	0.5	111115
10	"13:10:20"	59.5	21.9	0.168	160	0.0	0.0	0.0	0.0	0.0	0.000	0.000	0.000	-1	0.850	0.850	9	0.850	0.013	0.000	0.000	0.000	0.0	0.5	0.000	8.35	4.62	1.08	1	11.8	42.94	41.61	42.32	400.29	393.49	33.336	35.509	37.47	39.92	399.9	1994	59	97.35	-3.45	-0.663	0.8	111115
11	"13:10:25"	65.0	22.2	0.167	156	0.0	0.0	0.0	0.0	0.0	0.000	0.000	0.000	-1	0.850	0.850	9	0.850	0.014	0.000	0.000	0.000	0.0	0.5	0.000	8.29	4.62	1.08	1	11.8	42.94	41.61	42.32	400.22	393.36	33.346	35.506	37.48	39.91	400.0	1994	59	97.35	-3.45	-0.663	0.8	111115
12	"13:10:30"	70.0	22.7	0.167	150	0.0	0.0	0.0	0.0	0.0	0.000	0.000	0.000	-1	0.850	0.850	9	0.850	0.014	0.000	0.000	0.000	0.0	0.5	0.000	8.28	4.62	1.08	1	11.8	42.94	41.61	42.33	400.38	393.36	33.342	35.498	37.47	39.90	399.9	1994	59	97.35	-3.45	-0.663	0.5	111115
13	"13:10:36"	75.5	22.3	0.167	155	0.0	0.0	0.0	0.0	0.0	0.000	0.000	0.000	-1	0.850	0.850	9	0.850	0.014	0.000	0.000	0.000	0.0	0.5	0.000	8.29	4.61	1.08	1	11.8	42.94	41.59	42.33	400.19	393.30	33.339	35.499	37.47	39.90	399.9	1994	59	97.35	-3.45	-0.663	0.5	111115
14	"13:10:41"	81.0	22.3	0.167	155	0.0	0.0	0.0	0.0	0.0	0.000	0.000	0.000	-1	0.850	0.850	9	0.850	0.014	0.000	0.000	0.000	0.0	0.5	0.000	8.3	4.62	1.08	1	11.8	42.95	41.61	42.33	400.03	393.13	33.339	35.499	37.47	39.89	400.1	1994	58	97.35	-3.45	-0.663	0.8	111115
15	"13:10:46"	86.0	22.7	0.167	152	0.0	0.0	0.0	0.0	0.0	0.000	0.000	0.000	-1	0.850	0.850	9	0.850	0.014	0.000	0.000	0.000	0.0	0.5	0.000	8.3	4.61	1.08	1	11.8	42.94	41.58	42.33	400.28	393.27	33.343	35.505	37.47	39.90	399.9	1991	59	97.35	-3.45	-0.663	0.5	111115
16	"13:10:51"	91.0	22.6	0.167	152	0.0	0.0	0.0	0.0	0.0	0.000	0.000	0.000	-1	0.850	0.850	9	0.850	0.014	0.000	0.000	0.000	0.0	0.5	0.000	8.26	4.6	1.08	1	11.8	42.95	41.57	42.33	400.24	393.27	33.342	35.494	37.47	39.89	399.9	1992	59	97.35	-3.45	-0.663	0.8	111115
17	"13:10:56"	96.0	22.6	0.167	152	0.0	0.0	0.0	0.0	0.0	0.000	0.000	0.000	-1	0.850	0.850	9	0.850	0.014	0.000	0.000	0.000	0.0	0.5	0.000	8.28	4.6	1.08	1	11.8	42.94	41.56	42.33	400.37	393.38	33.335	35.492	37.46	39.89	399.9	1992	59	97.35	-3.45	-0.663	0.5	111115
18	"13:11:01"	101.0	21.7	0.166	159	0.0	0.0	0.0	0.0	0.0	0.000	0.000	0.000	-1	0.850	0.850	9	0.850	0.013	0.000	0.000	0.000	0.0	0.5	0.000	8.2	4.6	1.08	1	11.8	42.94	41.56	42.34	400.11	393.38	33.338	35.474	37.47	39.87	399.9	1992	59	97.35	-3.45	-0.663	0.5	111115
19	"13:11:06"	106.0	22.6	0.165	149	0.0	0.0	0.0	0.0	0.0	0.000	0.000	0.000	-1	0.850	0.850	9	0.850	0.014	0.000	0.000	0.000	0.0	0.5	0.000	8.17	4.61	1.08	1	11.8	42.95	41.58	42.34	400.25	393.28	33.342	35.469	37.47	39.86	399.9	1992	58	97.35	-3.45	-0.663	0.5	111115
20	"13:11:11"	111.0	22.2	0.165	153	0.0	0.0	0.0	0.0	0.0	0.000	0.000	0.000	-1	0.850	0.850	9	0.850	0.014	0.000	0.000	0.000	0.0	0.5	0.000	8.16	4.61	1.08	1	11.8	42.95	41.57	42.34	400.27	393.40	33.342	35.467	37.47	39.86	399.9	1992	57	97.35	-3.45	-0.663	0.8	111115
21	"13:11:16"	116.0	22.5	0.164	149	0.0	0.0	0.0	0.0	0.0	0.000	0.000	0.000	-1	0.850	0.850	9	0.850	0.014	0.000	0.000	0.000	0.0	0.5	0.000	8.13	4.61	1.08	1	11.8	42.95	41.59	42.34	400.41	393.46	33.338	35.456	37.46	39.84	399.9	1992	57	97.35	-3.45	-0.663	0.2	111115
22	"13:11:21"	121.0	22.3	0.164	151	0.0	0.0	0.0	0.0	0.0	0.000	0.000	0.000	-1	0.850	0.850	9	0.850	0.014	0.000	0.000	0.000	0.0	0.5	0.000	8.13	4.61	1.08	1	11.8	42.95	41.58	42.34	400.42	393.54	33.344	35.459	37.47	39.85	400.2	1992	57	97.35	-3.45	-0.663	0.5	111115
23	"13:11:26"	126.0	21	0.164	163	0.0	0.0	0.0	0.0	0.0	0.000	0.000	0.000	-1	0.850	0.850	9	0.850	0.013	0.000	0.000	0.000	0.0	0.5	0.000	8.11	4.59	1.08	1	11.8	42.95	41.54	42.35	400.01	393.46	33.342	35.455	37.47	39.84	399.9	1992	57	97.35	-3.45	-0.663	0.5	111115
24	"13:11:31"	131.0	22.6	0.162	146	0.0	0.0	0.0	0.0	0.0	0.000	0.000	0.000	-1	0.850	0.850	9	0.850	0.014	0.000	0.000	0.000	0.0	0.5	0.000	8.04	4.6	1.08	1	11.8	42.95	41.55	42.35	400.31	393.34	33.349	35.443	37.47	39.83	399.9	1992	56	97.35	-3.45	-0.663	0.5	111115
25	"13:11:36"	136.0	22.1	0.162	150	0.0	0.0	0.0	0.0	0.0	0.000	0.000	0.000	-1	0.850	0.850	9	0.850	0.014	0.000	0.000	0.000	0.0	0.5	0.000	8.02	4.61	1.08	1	11.8	42.95	41.56	42.35	400.25	393.44	33.344	35.434	37.47	39.81	399.9	1992	56	97.35	-3.45	-0.663	0.5	111115
26	"13:11:41"	141.0	21.4	0.161	156	0.0	0.0	0.0	0.0	0.0	0.000	0.000	0.000	-1	0.850	0.850	9	0.850	0.013	0.000	0.000	0.000	0.0	0.5	0.000	8	4.61	1.08	1	11.8	42.95	41.57	42.36	400.11	393.49	33.347	35.429	37.47	39.81	399.9	1992	57	97.35	-3.45	-0.663	0.5	111115
27	"13:11:46"	146.0	22.5	0.161	147	0.0	0.0	0.0	0.0	0.0	0.000	0.000	0.000	-1	0.850	0.850	9	0.850	0.014	0.000	0.000	0.000	0.0	0.5	0.000	8.02	4.61	1.08	1	11.8	42.95	41.57	42.36	400.39	393.47	33.336	35.425	37.46	39.80	399.9	1992	56	97.35	-3.45	-0.663	0.8	111115
28	"13:11:51"	151.0	22.2	0.16	148	0.0	0.0	0.0	0.0	0.0	0.000	0.000	0.000	-1	0.850	0.850	9	0.850	0.014	0.000	0.000	0.000	0.0	0.5	0.000	7.96	4.61	1.08	1	11.8	42.95	41.57	42.36	400.38	393.54	33.342	35.417	37.46	39.79	399.9	1992	57	97.35	-3.45	-0.663	0.5	111115
29	"13:11:56"	156.0	21.8	0.16	151	0.0	0.0	0.0	0.0	0.0	0.000	0.000	0.000	-1	0.850	0.850	9	0.850	0.013	0.000	0.000	0.000	0.0	0.5	0.000	7.92	4.61	1.08	1	11.8	42.95	41.56	42.36	400.21	393.49	33.345	35.409	37.46	39.78	399.9	1992	58	97.35	-3.45	-0.663	0.5	111115
