"OPEN 5.3.2"
"Mon Jul 11 2011 12:55:52"
"Unit="	"PSC-1512"
"LCF="	"LCF-0428"
"LCFCals="	" -1.94 -2.02-2862.00"
"ComputeList="	"/User/Configs/Comps/Std Flr Comp"
"BLCTable="	"/Sys/Lib/BLCTable_LCF"
"LightSource="	"6400-40 LCF"	1	0.16
"LogFormat="	"/User/Configs/LogFormats/Std Flr Log"
"LogCodes="	-35	-21	-36	30	23	36	-86	-88	-87	-89	-90	4202	4211	4212	4213	4206	4205	-81	4207	4215	4216	4220	4221	-96	4222	4223	21	25	-33	-34	-32	-9	-10	-8	-1	-2	-4	-5	-14	-15	-7	-12	-13	-11	-65	-66	-72	-23
"PromptList="	"/User/Configs/Prompts/Default (none)"
"Stability= (Photo 20s SLP<0.5)(Cond 20s SLP<0.01)(H2OS 20s SLP<1)(F 20s SLP<1)"
"12:55:52 "
$STARTOFDATA$
"Obs"	"HHMMSS"	"FTime"	"Photo"	"Cond"	"Ci"	"Fo"	"Fm"	"Fo'"	"Fm'"	"Fs"	"Fv/Fm"	"Fv'/Fm'"	"PhiPS2"	"Adark"	"RedAbs"	"BlueAbs"	"%Blue"	"LeafAbs"	"PhiCO2"	"qP"	"qN"	"NPQ"	"ParIn@Fs"	"PS2/1"	"ETR"	"Trmmol"	"VpdL"	"Area"	"StmRat"	"BLCond"	"Tair"	"Tleaf"	"TBlk"	"CO2R"	"CO2S"	"H2OR"	"H2OS"	"RH_R"	"RH_S"	"Flow"	"PARi"	"PARo"	"Press"	"CsMch"	"HsMch"	"StableF"	"Status"
1	"12:56:00"	14.5	-18.8	0.056	892	0.0	0.0	0.0	0.0	0.0	0.000	0.000	0.000	-1	0.850	0.850	9	0.850	-0.011	0.000	0.000	0.000	0.0	0.5	0.000	2.76	4.55	0.94	1	12	41.87	41.18	41.18	400.09	404.24	33.719	34.345	40.09	40.84	400.2	1915	123	97.36	-3.03	-0.638	0.2	111115
2	"12:56:05"	20.5	-5.46	0.0486	544	0.0	0.0	0.0	0.0	0.0	0.000	0.000	0.000	-1	0.850	0.850	9	0.850	-0.003	0.000	0.000	0.000	0.0	0.5	0.000	2.42	4.59	0.94	1	12	41.90	41.25	41.20	400.17	401.22	33.712	34.261	40.02	40.68	399.7	1985	122	97.36	-3.03	-0.638	0.2	111115
3	"12:56:10"	25.5	-1.37	0.0441	417	0.0	0.0	0.0	0.0	0.0	0.000	0.000	0.000	-1	0.850	0.850	9	0.850	-0.000	0.000	0.000	0.000	0.0	0.5	0.000	2.21	4.61	0.94	1	12	41.93	41.30	41.22	400.10	400.21	33.726	34.228	39.99	40.59	400.2	1991	119	97.36	-3.03	-0.638	0.2	111115
4	"12:56:15"	30.5	1.52	0.0428	314	0.0	0.0	0.0	0.0	0.0	0.000	0.000	0.000	-1	0.850	0.850	9	0.850	0.001	0.000	0.000	0.000	0.0	0.5	0.000	2.16	4.63	0.94	1	12	41.95	41.34	41.24	400.36	399.80	33.718	34.207	39.93	40.51	400.1	1991	128	97.37	-3.03	-0.638	0.2	111115
5	"12:56:21"	36.0	2.45	0.041	276	0.0	0.0	0.0	0.0	0.0	0.000	0.000	0.000	-1	0.850	0.850	9	0.850	0.002	0.000	0.000	0.000	0.0	0.5	0.000	2.07	4.65	0.94	1	12	41.97	41.38	41.26	400.26	399.49	33.724	34.194	39.89	40.45	400.0	1991	128	97.37	-3.03	-0.638	0.2	111115
6	"12:56:26"	41.5	2.6	0.0398	268	0.0	0.0	0.0	0.0	0.0	0.000	0.000	0.000	-1	0.850	0.850	9	0.850	0.002	0.000	0.000	0.000	0.0	0.5	0.000	2.01	4.65	0.94	1	12	42.00	41.39	41.28	400.17	399.37	33.733	34.190	39.85	40.39	399.9	1991	128	97.37	-3.03	-0.638	0.2	111115
7	"12:56:32"	47.0	2.56	0.0396	268	0.0	0.0	0.0	0.0	0.0	0.000	0.000	0.000	-1	0.850	0.850	9	0.850	0.002	0.000	0.000	0.000	0.0	0.5	0.000	2.01	4.67	0.94	1	12	42.02	41.44	41.30	400.05	399.26	33.735	34.191	39.80	40.34	399.9	1991	128	97.37	-3.03	-0.638	0.2	111115
8	"12:56:37"	52.0	2.9	0.0389	253	0.0	0.0	0.0	0.0	0.0	0.000	0.000	0.000	-1	0.850	0.850	9	0.850	0.002	0.000	0.000	0.000	0.0	0.5	0.000	1.98	4.68	0.94	1	12	42.04	41.46	41.32	400.12	399.25	33.733	34.183	39.75	40.28	400.0	1990	128	97.37	-3.03	-0.638	0.2	111115
9	"12:56:42"	57.5	2.6	0.0384	263	0.0	0.0	0.0	0.0	0.0	0.000	0.000	0.000	-1	0.850	0.850	9	0.850	0.002	0.000	0.000	0.000	0.0	0.5	0.000	1.96	4.7	0.94	1	12	42.07	41.49	41.35	400.07	399.28	33.733	34.179	39.71	40.23	399.4	1991	128	97.36	-3.03	-0.638	0.5	111115
10	"12:56:48"	63.0	3.05	0.0386	246	0.0	0.0	0.0	0.0	0.0	0.000	0.000	0.000	-1	0.850	0.850	9	0.850	0.002	0.000	0.000	0.000	0.0	0.5	0.000	1.98	4.71	0.94	1	12	42.09	41.52	41.37	400.21	399.31	33.733	34.181	39.66	40.19	400.4	1990	128	97.36	-3.03	-0.638	0.5	111115
11	"12:56:53"	68.5	2.81	0.0375	252	0.0	0.0	0.0	0.0	0.0	0.000	0.000	0.000	-1	0.850	0.850	9	0.850	0.002	0.000	0.000	0.000	0.0	0.5	0.000	1.93	4.72	0.94	1	12	42.11	41.55	41.39	400.10	399.26	33.740	34.177	39.62	40.13	399.9	1990	127	97.36	-3.03	-0.638	0.8	111115
12	"12:56:58"	73.5	3.29	0.0365	229	0.0	0.0	0.0	0.0	0.0	0.000	0.000	0.000	-1	0.850	0.850	9	0.850	0.003	0.000	0.000	0.000	0.0	0.5	0.000	1.88	4.73	0.94	1	12	42.13	41.58	41.41	400.18	399.23	33.747	34.174	39.58	40.08	399.9	1993	127	97.36	-3.03	-0.638	0.8	111115
13	"12:57:04"	79.0	3.01	0.0356	237	0.0	0.0	0.0	0.0	0.0	0.000	0.000	0.000	-1	0.850	0.850	9	0.850	0.002	0.000	0.000	0.000	0.0	0.5	0.000	1.84	4.76	0.94	1	12	42.16	41.62	41.43	400.07	399.19	33.745	34.163	39.53	40.02	399.9	1993	127	97.36	-3.03	-0.638	0.8	111115
14	"12:57:09"	84.5	3.1	0.0357	234	0.0	0.0	0.0	0.0	0.0	0.000	0.000	0.000	-1	0.850	0.850	9	0.850	0.002	0.000	0.000	0.000	0.0	0.5	0.000	1.85	4.76	0.94	1	12	42.18	41.64	41.45	400.11	399.21	33.748	34.168	39.49	39.98	399.9	1993	126	97.36	-3.03	-0.638	0.5	111115
15	"12:57:15"	89.5	2.89	0.0358	243	0.0	0.0	0.0	0.0	0.0	0.000	0.000	0.000	-1	0.850	0.850	9	0.850	0.002	0.000	0.000	0.000	0.0	0.5	0.000	1.86	4.77	0.94	1	12	42.20	41.66	41.47	400.12	399.26	33.742	34.164	39.44	39.93	400.0	1993	125	97.36	-3.03	-0.638	0.8	111115
16	"12:57:20"	95.0	2.85	0.0353	243	0.0	0.0	0.0	0.0	0.0	0.000	0.000	0.000	-1	0.850	0.850	9	0.850	0.002	0.000	0.000	0.000	0.0	0.5	0.000	1.84	4.78	0.94	1	12	42.22	41.69	41.49	400.10	399.26	33.738	34.155	39.38	39.87	399.4	1993	121	97.36	-3.03	-0.638	0.8	111115
17	"12:57:25"	100.5	2.6	0.0345	251	0.0	0.0	0.0	0.0	0.0	0.000	0.000	0.000	-1	0.850	0.850	9	0.850	0.002	0.000	0.000	0.000	0.0	0.5	0.000	1.8	4.79	0.94	1	12	42.25	41.71	41.52	400.14	399.36	33.747	34.155	39.34	39.82	400.0	1993	121	97.36	-3.03	-0.638	0.8	111115
18	"12:57:30"	105.5	2.66	0.0354	251	0.0	0.0	0.0	0.0	0.0	0.000	0.000	0.000	-1	0.850	0.850	9	0.850	0.002	0.000	0.000	0.000	0.0	0.5	0.000	1.85	4.8	0.94	1	12	42.27	41.72	41.54	400.10	399.30	33.740	34.159	39.29	39.78	400.0	1993	123	97.36	-3.03	-0.638	0.5	111115
19	"12:57:35"	110.5	2.63	0.0353	252	0.0	0.0	0.0	0.0	0.0	0.000	0.000	0.000	-1	0.850	0.850	9	0.850	0.002	0.000	0.000	0.000	0.0	0.5	0.000	1.85	4.81	0.94	1	12	42.29	41.75	41.56	400.07	399.28	33.742	34.161	39.26	39.74	400.0	1992	123	97.37	-3.03	-0.638	0.5	111115
20	"12:57:40"	115.5	2.18	0.035	271	0.0	0.0	0.0	0.0	0.0	0.000	0.000	0.000	-1	0.850	0.850	9	0.850	0.002	0.000	0.000	0.000	0.0	0.5	0.000	1.84	4.82	0.94	1	12	42.31	41.77	41.58	399.95	399.27	33.735	34.151	39.20	39.69	400.0	1992	123	97.36	-3.03	-0.638	0.5	111115
21	"12:57:45"	120.5	2.67	0.0339	246	0.0	0.0	0.0	0.0	0.0	0.000	0.000	0.000	-1	0.850	0.850	9	0.850	0.002	0.000	0.000	0.000	0.0	0.5	0.000	1.78	4.82	0.94	1	12	42.33	41.76	41.60	400.02	399.23	33.747	34.150	39.18	39.64	400.0	1992	123	97.36	-3.03	-0.638	0.5	111115
22	"12:57:50"	125.5	2.25	0.0331	262	0.0	0.0	0.0	0.0	0.0	0.000	0.000	0.000	-1	0.850	0.850	9	0.850	0.002	0.000	0.000	0.000	0.0	0.5	0.000	1.74	4.83	0.94	1	12	42.35	41.79	41.62	399.95	399.26	33.756	34.151	39.14	39.60	399.9	1992	121	97.36	-3.03	-0.638	0.8	111115
23	"12:57:55"	130.5	3.09	0.0336	225	0.0	0.0	0.0	0.0	0.0	0.000	0.000	0.000	-1	0.850	0.850	9	0.850	0.002	0.000	0.000	0.000	0.0	0.5	0.000	1.77	4.83	0.94	1	12	42.37	41.80	41.64	400.10	399.21	33.751	34.152	39.09	39.56	399.8	1992	121	97.37	-3.03	-0.638	0.8	111115
24	"12:58:00"	135.5	2.81	0.0337	238	0.0	0.0	0.0	0.0	0.0	0.000	0.000	0.000	-1	0.850	0.850	9	0.850	0.002	0.000	0.000	0.000	0.0	0.5	0.000	1.77	4.84	0.94	1	12	42.39	41.82	41.66	399.99	399.16	33.752	34.155	39.05	39.52	399.9	1992	123	97.36	-3.03	-0.638	0.5	111115
25	"12:58:05"	140.5	2.61	0.0332	246	0.0	0.0	0.0	0.0	0.0	0.000	0.000	0.000	-1	0.850	0.850	9	0.850	0.002	0.000	0.000	0.000	0.0	0.5	0.000	1.75	4.84	0.94	1	12	42.41	41.83	41.68	400.03	399.25	33.749	34.147	39.01	39.47	399.9	1992	123	97.37	-3.03	-0.638	0.8	111115
26	"12:58:10"	145.5	2.37	0.033	256	0.0	0.0	0.0	0.0	0.0	0.000	0.000	0.000	-1	0.850	0.850	9	0.850	0.002	0.000	0.000	0.000	0.0	0.5	0.000	1.74	4.84	0.94	1	12	42.43	41.83	41.71	399.96	399.24	33.750	34.146	38.97	39.42	400.0	1992	121	97.37	-3.03	-0.638	0.5	111115
27	"12:58:15"	150.5	2.48	0.0328	250	0.0	0.0	0.0	0.0	0.0	0.000	0.000	0.000	-1	0.850	0.850	9	0.850	0.002	0.000	0.000	0.000	0.0	0.5	0.000	1.73	4.85	0.94	1	12	42.45	41.85	41.73	399.98	399.23	33.752	34.146	38.93	39.38	400.0	1992	117	97.37	-3.03	-0.638	0.5	111115
