"OPEN 5.3.2"
"Mon Jul 11 2011 15:35:24"
"Unit="	"PSC-1570"
"LCF="	"LCF-0398"
"LCFCals="	" -1.56 -1.57  0.00"
"ComputeList="	"/User/Configs/Comps/Std Flr Comp"
"BLCTable="	"/Sys/Lib/BLCTable_LCF"
"LightSource="	"6400-40 LCF"	1	0.16
"LogFormat="	"/User/Configs/LogFormats/Std Flr Log"
"LogCodes="	-35	-21	-36	30	23	36	-86	-88	-87	-89	-90	4202	4211	4212	4213	4206	4205	-81	4207	4215	4216	4220	4221	-96	4222	4223	21	25	-33	-34	-32	-9	-10	-8	-1	-2	-4	-5	-14	-15	-7	-12	-13	-11	-65	-66	-72	-23
"PromptList="	"/User/Configs/Prompts/Default (none)"
"Stability= (Photo 20s SLP<0.5)(Cond 20s SLP<0.01)(H2OS 20s SLP<1)(F 20s SLP<1)"
"15:35:24 "
$STARTOFDATA$
"Obs"	"HHMMSS"	"FTime"	"Photo"	"Cond"	"Ci"	"Fo"	"Fm"	"Fo'"	"Fm'"	"Fs"	"Fv/Fm"	"Fv'/Fm'"	"PhiPS2"	"Adark"	"RedAbs"	"BlueAbs"	"%Blue"	"LeafAbs"	"PhiCO2"	"qP"	"qN"	"NPQ"	"ParIn@Fs"	"PS2/1"	"ETR"	"Trmmol"	"VpdL"	"Area"	"StmRat"	"BLCond"	"Tair"	"Tleaf"	"TBlk"	"CO2R"	"CO2S"	"H2OR"	"H2OS"	"RH_R"	"RH_S"	"Flow"	"PARi"	"PARo"	"Press"	"CsMch"	"HsMch"	"StableF"	"Status"
1	"15:35:31"	12.0	5.82	0.0504	176	0.0	0.0	0.0	0.0	0.0	0.000	0.000	0.000	-1	0.850	0.850	0	0.850	0.004	0.000	0.000	0.000	0.0	0.5	0.000	4.02	7.15	0.94	1	12	46.60	46.82	46.36	399.82	398.08	34.759	35.668	31.95	32.79	401.1	2048	159	96.2	15.3	-0.0883	0.2	111115
2	"15:35:37"	17.5	2.53	0.0482	270	0.0	0.0	0.0	0.0	0.0	0.000	0.000	0.000	-1	0.850	0.850	0	0.850	0.002	0.000	0.000	0.000	0.0	0.5	0.000	4.02	7.46	0.94	1	12	46.65	47.39	46.37	399.66	398.69	34.767	35.676	31.88	32.71	401.1	2001	160	96.2	15.3	-0.0883	0.2	111115
3	"15:35:42"	23.0	1.57	0.0467	297	0.0	0.0	0.0	0.0	0.0	0.000	0.000	0.000	-1	0.850	0.850	0	0.850	0.002	0.000	0.000	0.000	0.0	0.5	0.000	3.96	7.57	0.94	1	12	46.69	47.60	46.39	399.63	398.89	34.785	35.680	31.83	32.65	401.1	2000	160	96.2	15.3	-0.0883	0.2	111115
4	"15:35:47"	28.0	2.11	0.0459	279	0.0	0.0	0.0	0.0	0.0	0.000	0.000	0.000	-1	0.850	0.850	0	0.850	0.002	0.000	0.000	0.000	0.0	0.5	0.000	3.92	7.62	0.94	1	12	46.72	47.69	46.41	399.79	398.92	34.804	35.690	31.81	32.62	401.0	1999	158	96.2	15.3	-0.0883	0.2	111115
5	"15:35:52"	33.0	0.767	0.0448	322	0.0	0.0	0.0	0.0	0.0	0.000	0.000	0.000	-1	0.850	0.850	0	0.850	0.001	0.000	0.000	0.000	0.0	0.5	0.000	3.85	7.67	0.94	1	12	46.75	47.77	46.42	399.61	399.07	34.815	35.687	31.77	32.57	401.0	1998	160	96.2	15.3	-0.0883	0.2	111115
6	"15:35:58"	38.5	0.89	0.0452	318	0.0	0.0	0.0	0.0	0.0	0.000	0.000	0.000	-1	0.850	0.850	0	0.850	0.001	0.000	0.000	0.000	0.0	0.5	0.000	3.9	7.7	0.94	1	12	46.78	47.83	46.44	399.64	399.06	34.812	35.694	31.72	32.52	400.9	2000	159	96.2	15.3	-0.0883	0.2	111115
7	"15:36:03"	44.0	0.588	0.0448	327	0.0	0.0	0.0	0.0	0.0	0.000	0.000	0.000	-1	0.850	0.850	0	0.850	0.001	0.000	0.000	0.000	0.0	0.5	0.000	3.89	7.74	0.94	1	12	46.81	47.90	46.46	399.60	399.10	34.832	35.711	31.69	32.49	401.0	2002	158	96.2	15.3	-0.0883	0.5	111115
8	"15:36:09"	49.5	1.09	0.0438	310	0.0	0.0	0.0	0.0	0.0	0.000	0.000	0.000	-1	0.850	0.850	0	0.850	0.001	0.000	0.000	0.000	0.0	0.5	0.000	3.82	7.77	0.94	1	12	46.84	47.95	46.48	399.65	399.03	34.843	35.705	31.65	32.44	400.9	1999	158	96.2	15.3	-0.0883	0.5	111115
9	"15:36:14"	54.5	0.521	0.0435	329	0.0	0.0	0.0	0.0	0.0	0.000	0.000	0.000	-1	0.850	0.850	0	0.850	0.001	0.000	0.000	0.000	0.0	0.5	0.000	3.79	7.78	0.94	1	12	46.86	47.97	46.50	399.62	399.14	34.857	35.715	31.63	32.41	400.9	1999	160	96.2	15.3	-0.0883	0.5	111115
10	"15:36:19"	60.0	1.23	0.0427	303	0.0	0.0	0.0	0.0	0.0	0.000	0.000	0.000	-1	0.850	0.850	0	0.850	0.001	0.000	0.000	0.000	0.0	0.5	0.000	3.74	7.81	0.94	1	12	46.89	48.02	46.52	399.60	398.96	34.875	35.720	31.60	32.37	400.9	1997	159	96.2	15.3	-0.0883	0.8	111115
11	"15:36:25"	65.5	1.05	0.0426	310	0.0	0.0	0.0	0.0	0.0	0.000	0.000	0.000	-1	0.850	0.850	0	0.850	0.001	0.000	0.000	0.000	0.0	0.5	0.000	3.74	7.83	0.94	1	12	46.91	48.06	46.54	399.64	399.05	34.888	35.735	31.57	32.34	400.9	2001	159	96.2	15.3	-0.0883	0.5	111115
12	"15:36:30"	71.0	1.09	0.042	308	0.0	0.0	0.0	0.0	0.0	0.000	0.000	0.000	-1	0.850	0.850	0	0.850	0.001	0.000	0.000	0.000	0.0	0.5	0.000	3.7	7.85	0.94	1	12	46.94	48.09	46.56	399.62	399.02	34.903	35.740	31.54	32.30	400.9	2000	158	96.2	15.3	-0.0883	0.8	111115
13	"15:36:36"	76.5	1.83	0.042	281	0.0	0.0	0.0	0.0	0.0	0.000	0.000	0.000	-1	0.850	0.850	0	0.850	0.002	0.000	0.000	0.000	0.0	0.5	0.000	3.7	7.85	0.94	1	12	46.97	48.11	46.58	399.70	398.92	34.913	35.749	31.50	32.26	400.8	2000	158	96.2	15.3	-0.0883	0.5	111115
14	"15:36:41"	81.5	0.963	0.0422	312	0.0	0.0	0.0	0.0	0.0	0.000	0.000	0.000	-1	0.850	0.850	0	0.850	0.001	0.000	0.000	0.000	0.0	0.5	0.000	3.73	7.89	0.94	1	12	46.99	48.17	46.60	399.53	398.95	34.921	35.765	31.47	32.23	400.8	2001	156	96.2	15.3	-0.0883	0.5	111115
15	"15:36:46"	87.0	1.13	0.0418	305	0.0	0.0	0.0	0.0	0.0	0.000	0.000	0.000	-1	0.850	0.850	0	0.850	0.001	0.000	0.000	0.000	0.0	0.5	0.000	3.71	7.91	0.94	1	12	47.02	48.20	46.63	399.47	398.86	34.939	35.778	31.45	32.20	400.8	2001	154	96.2	15.3	-0.0883	0.8	111115
16	"15:36:52"	92.5	1.42	0.0417	295	0.0	0.0	0.0	0.0	0.0	0.000	0.000	0.000	-1	0.850	0.850	0	0.850	0.001	0.000	0.000	0.000	0.0	0.5	0.000	3.7	7.92	0.94	1	12	47.05	48.22	46.65	399.54	398.86	34.949	35.787	31.41	32.16	400.8	2001	153	96.2	15.3	-0.0883	0.5	111115
17	"15:36:57"	97.5	1.72	0.0414	283	0.0	0.0	0.0	0.0	0.0	0.000	0.000	0.000	-1	0.850	0.850	0	0.850	0.002	0.000	0.000	0.000	0.0	0.5	0.000	3.68	7.92	0.94	1	12	47.07	48.24	46.67	399.55	398.80	34.957	35.790	31.38	32.13	400.8	2000	152	96.2	15.3	-0.0883	0.8	111115
18	"15:37:02"	102.5	0.395	0.041	331	0.0	0.0	0.0	0.0	0.0	0.000	0.000	0.000	-1	0.850	0.850	0	0.850	0.001	0.000	0.000	0.000	0.0	0.5	0.000	3.66	7.94	0.94	1	12	47.09	48.27	46.69	399.38	398.95	34.970	35.797	31.36	32.10	400.8	1999	151	96.2	15.3	-0.0883	0.5	111115
19	"15:37:07"	107.5	1.46	0.0405	291	0.0	0.0	0.0	0.0	0.0	0.000	0.000	0.000	-1	0.850	0.850	0	0.850	0.001	0.000	0.000	0.000	0.0	0.5	0.000	3.61	7.95	0.94	1	12	47.12	48.28	46.71	399.39	398.70	34.983	35.800	31.33	32.06	400.8	2000	151	96.2	15.3	-0.0883	0.5	111115
20	"15:37:12"	112.5	1.09	0.0404	305	0.0	0.0	0.0	0.0	0.0	0.000	0.000	0.000	-1	0.850	0.850	0	0.850	0.001	0.000	0.000	0.000	0.0	0.5	0.000	3.61	7.96	0.94	1	12	47.14	48.31	46.73	399.36	398.77	34.993	35.809	31.30	32.03	400.8	1999	152	96.2	15.3	-0.0883	0.5	111115
21	"15:37:17"	117.5	0.612	0.0405	323	0.0	0.0	0.0	0.0	0.0	0.000	0.000	0.000	-1	0.850	0.850	0	0.850	0.001	0.000	0.000	0.000	0.0	0.5	0.000	3.63	7.98	0.94	1	12	47.16	48.34	46.75	399.29	398.81	34.991	35.811	31.26	32.00	400.8	1999	153	96.2	15.3	-0.0883	0.8	111115
22	"15:37:22"	122.5	1.63	0.0403	284	0.0	0.0	0.0	0.0	0.0	0.000	0.000	0.000	-1	0.850	0.850	0	0.850	0.002	0.000	0.000	0.000	0.0	0.5	0.000	3.62	7.99	0.94	1	12	47.19	48.36	46.77	399.39	398.67	34.995	35.813	31.23	31.96	400.8	1999	154	96.2	15.3	-0.0883	0.5	111115
23	"15:37:27"	127.5	1.07	0.0397	305	0.0	0.0	0.0	0.0	0.0	0.000	0.000	0.000	-1	0.850	0.850	0	0.850	0.001	0.000	0.000	0.000	0.0	0.5	0.000	3.57	8.01	0.94	1	12	47.21	48.38	46.79	399.38	398.79	35.016	35.823	31.21	31.93	400.8	2000	153	96.2	15.3	-0.0883	0.8	111115
24	"15:37:32"	132.5	1.32	0.04	296	0.0	0.0	0.0	0.0	0.0	0.000	0.000	0.000	-1	0.850	0.850	0	0.850	0.001	0.000	0.000	0.000	0.0	0.5	0.000	3.6	8	0.94	1	12	47.23	48.38	46.81	399.36	398.71	35.016	35.830	31.18	31.90	400.8	2000	155	96.2	15.3	-0.0883	0.8	111115
25	"15:37:37"	137.5	2.13	0.0403	266	0.0	0.0	0.0	0.0	0.0	0.000	0.000	0.000	-1	0.850	0.850	0	0.850	0.002	0.000	0.000	0.000	0.0	0.5	0.000	3.62	8	0.94	1	12	47.25	48.37	46.83	399.52	398.68	35.017	35.836	31.15	31.88	400.8	1998	156	96.2	15.3	-0.0883	0.5	111115
