"OPEN 5.3.2"
"Mon Jul 11 2011 14:41:52"
"Unit="	"PSC-1512"
"LCF="	"LCF-0428"
"LCFCals="	" -1.94 -2.02-2862.00"
"ComputeList="	"/User/Configs/Comps/Std Flr Comp"
"BLCTable="	"/Sys/Lib/BLCTable_LCF"
"LightSource="	"6400-40 LCF"	1	0.16
"LogFormat="	"/User/Configs/LogFormats/Std Flr Log"
"LogCodes="	-35	-21	-36	30	23	36	-86	-88	-87	-89	-90	4202	4211	4212	4213	4206	4205	-81	4207	4215	4216	4220	4221	-96	4222	4223	21	25	-33	-34	-32	-9	-10	-8	-1	-2	-4	-5	-14	-15	-7	-12	-13	-11	-65	-66	-72	-23
"PromptList="	"/User/Configs/Prompts/Default (none)"
"Stability= (Photo 20s SLP<0.5)(Cond 20s SLP<0.01)(H2OS 20s SLP<1)(F 20s SLP<1)"
"14:41:52 "
$STARTOFDATA$
"Obs"	"HHMMSS"	"FTime"	"Photo"	"Cond"	"Ci"	"Fo"	"Fm"	"Fo'"	"Fm'"	"Fs"	"Fv/Fm"	"Fv'/Fm'"	"PhiPS2"	"Adark"	"RedAbs"	"BlueAbs"	"%Blue"	"LeafAbs"	"PhiCO2"	"qP"	"qN"	"NPQ"	"ParIn@Fs"	"PS2/1"	"ETR"	"Trmmol"	"VpdL"	"Area"	"StmRat"	"BLCond"	"Tair"	"Tleaf"	"TBlk"	"CO2R"	"CO2S"	"H2OR"	"H2OS"	"RH_R"	"RH_S"	"Flow"	"PARi"	"PARo"	"Press"	"CsMch"	"HsMch"	"StableF"	"Status"
1	"14:42:17"	31.5	28.5	0.226	164	0.0	0.0	0.0	0.0	0.0	0.000	0.000	0.000	-1	0.850	0.850	9	0.850	0.018	0.000	0.000	0.000	0.0	0.5	0.000	11.8	4.85	1.08	1	11.8	45.34	42.20	44.88	400.63	391.71	32.745	35.807	32.49	35.52	400.0	1905	123	97.3	-2.56	-0.684	0.2	111115
2	"14:42:22"	37.0	26.8	0.227	175	0.0	0.0	0.0	0.0	0.0	0.000	0.000	0.000	-1	0.850	0.850	9	0.850	0.016	0.000	0.000	0.000	0.0	0.5	0.000	11.8	4.85	1.08	1	11.8	45.31	42.20	44.86	400.17	391.67	32.729	35.802	32.52	35.57	400.0	1986	124	97.3	-2.56	-0.684	0.2	111115
3	"14:42:27"	42.0	26.6	0.227	177	0.0	0.0	0.0	0.0	0.0	0.000	0.000	0.000	-1	0.850	0.850	9	0.850	0.016	0.000	0.000	0.000	0.0	0.5	0.000	11.8	4.85	1.08	1	11.8	45.29	42.21	44.84	400.11	391.66	32.719	35.795	32.55	35.61	400.0	1992	123	97.3	-2.56	-0.684	0.2	111115
4	"14:42:32"	47.0	26.6	0.229	179	0.0	0.0	0.0	0.0	0.0	0.000	0.000	0.000	-1	0.850	0.850	9	0.850	0.016	0.000	0.000	0.000	0.0	0.5	0.000	11.9	4.83	1.08	1	11.8	45.26	42.16	44.81	400.10	391.67	32.711	35.796	32.58	35.65	400.2	1992	122	97.3	-2.56	-0.684	0.2	111115
5	"14:42:38"	52.5	26.4	0.23	181	0.0	0.0	0.0	0.0	0.0	0.000	0.000	0.000	-1	0.850	0.850	9	0.850	0.016	0.000	0.000	0.000	0.0	0.5	0.000	11.9	4.83	1.08	1	11.8	45.24	42.15	44.79	400.13	391.75	32.689	35.783	32.60	35.68	400.1	1993	120	97.3	-2.56	-0.684	0.5	111115
6	"14:42:43"	57.5	25.9	0.228	183	0.0	0.0	0.0	0.0	0.0	0.000	0.000	0.000	-1	0.850	0.850	9	0.850	0.016	0.000	0.000	0.000	0.0	0.5	0.000	11.8	4.82	1.08	1	11.8	45.22	42.14	44.77	400.15	391.90	32.686	35.763	32.63	35.70	399.8	1992	120	97.3	-2.56	-0.684	0.5	111115
7	"14:42:48"	62.5	25.6	0.229	185	0.0	0.0	0.0	0.0	0.0	0.000	0.000	0.000	-1	0.850	0.850	9	0.850	0.016	0.000	0.000	0.000	0.0	0.5	0.000	11.8	4.82	1.08	1	11.8	45.20	42.13	44.75	400.18	392.01	32.680	35.754	32.66	35.73	400.4	1992	120	97.3	-2.56	-0.684	0.5	111115
8	"14:42:53"	68.0	24.3	0.229	195	0.0	0.0	0.0	0.0	0.0	0.000	0.000	0.000	-1	0.850	0.850	9	0.850	0.015	0.000	0.000	0.000	0.0	0.5	0.000	11.8	4.79	1.08	1	11.8	45.17	42.06	44.73	400.08	392.26	32.668	35.739	32.69	35.76	399.7	1993	121	97.3	-2.56	-0.684	0.5	111115
9	"14:42:58"	73.0	24.9	0.229	191	0.0	0.0	0.0	0.0	0.0	0.000	0.000	0.000	-1	0.850	0.850	9	0.850	0.015	0.000	0.000	0.000	0.0	0.5	0.000	11.8	4.81	1.08	1	11.8	45.15	42.09	44.71	400.26	392.30	32.653	35.725	32.70	35.78	400.4	1993	121	97.3	-2.56	-0.684	0.5	111115
10	"14:43:04"	78.5	24.4	0.228	193	0.0	0.0	0.0	0.0	0.0	0.000	0.000	0.000	-1	0.850	0.850	9	0.850	0.015	0.000	0.000	0.000	0.0	0.5	0.000	11.7	4.8	1.08	1	11.8	45.13	42.07	44.69	400.14	392.30	32.650	35.703	32.74	35.80	399.9	1993	121	97.3	-2.56	-0.684	0.5	111115
11	"14:43:09"	83.5	24.8	0.228	191	0.0	0.0	0.0	0.0	0.0	0.000	0.000	0.000	-1	0.850	0.850	9	0.850	0.015	0.000	0.000	0.000	0.0	0.5	0.000	11.7	4.8	1.08	1	11.8	45.11	42.07	44.67	400.33	392.38	32.629	35.683	32.75	35.82	400.0	1993	120	97.3	-2.56	-0.684	0.5	111115
12	"14:43:14"	88.5	23.7	0.228	199	0.0	0.0	0.0	0.0	0.0	0.000	0.000	0.000	-1	0.850	0.850	9	0.850	0.015	0.000	0.000	0.000	0.0	0.5	0.000	11.7	4.79	1.08	1	11.8	45.10	42.04	44.65	400.10	392.46	32.625	35.669	32.77	35.83	400.0	1993	120	97.3	-2.56	-0.684	0.5	111115
13	"14:43:19"	93.5	24.5	0.227	193	0.0	0.0	0.0	0.0	0.0	0.000	0.000	0.000	-1	0.850	0.850	9	0.850	0.015	0.000	0.000	0.000	0.0	0.5	0.000	11.7	4.78	1.08	1	11.8	45.08	42.00	44.64	400.37	392.52	32.608	35.644	32.79	35.84	400.0	1990	120	97.3	-2.56	-0.684	0.5	111115
14	"14:43:24"	99.0	23.9	0.226	196	0.0	0.0	0.0	0.0	0.0	0.000	0.000	0.000	-1	0.850	0.850	9	0.850	0.015	0.000	0.000	0.000	0.0	0.5	0.000	11.6	4.79	1.08	1	11.8	45.06	42.03	44.62	400.39	392.70	32.597	35.623	32.81	35.86	400.4	1990	120	97.3	-2.56	-0.684	0.5	111115
15	"14:43:29"	104.0	23.7	0.225	197	0.0	0.0	0.0	0.0	0.0	0.000	0.000	0.000	-1	0.850	0.850	9	0.850	0.015	0.000	0.000	0.000	0.0	0.5	0.000	11.6	4.79	1.08	1	11.8	45.04	42.02	44.61	400.37	392.75	32.589	35.601	32.83	35.87	399.8	1990	118	97.3	-2.56	-0.684	0.5	111115
16	"14:43:34"	109.5	23	0.226	202	0.0	0.0	0.0	0.0	0.0	0.000	0.000	0.000	-1	0.850	0.850	9	0.850	0.014	0.000	0.000	0.000	0.0	0.5	0.000	11.6	4.79	1.08	1	11.8	45.02	42.02	44.59	400.25	392.82	32.567	35.587	32.84	35.88	400.2	1990	118	97.3	-2.56	-0.684	0.5	111115
17	"14:43:39"	114.5	23.4	0.224	198	0.0	0.0	0.0	0.0	0.0	0.000	0.000	0.000	-1	0.850	0.850	9	0.850	0.014	0.000	0.000	0.000	0.0	0.5	0.000	11.5	4.78	1.08	1	11.8	45.01	41.98	44.57	400.37	392.83	32.563	35.557	32.86	35.88	399.8	1990	117	97.3	-2.56	-0.684	0.5	111115
18	"14:43:44"	119.5	22.5	0.223	204	0.0	0.0	0.0	0.0	0.0	0.000	0.000	0.000	-1	0.850	0.850	9	0.850	0.014	0.000	0.000	0.000	0.0	0.5	0.000	11.4	4.77	1.08	1	11.8	44.99	41.97	44.56	400.33	393.05	32.561	35.534	32.88	35.89	400.2	1990	119	97.3	-2.56	-0.684	0.5	111115
19	"14:43:50"	125.0	22.3	0.224	206	0.0	0.0	0.0	0.0	0.0	0.000	0.000	0.000	-1	0.850	0.850	9	0.850	0.014	0.000	0.000	0.000	0.0	0.5	0.000	11.4	4.76	1.08	1	11.8	44.97	41.94	44.54	400.29	393.06	32.544	35.518	32.90	35.91	399.9	1990	120	97.3	-2.56	-0.684	0.5	111115
20	"14:43:55"	130.0	22.3	0.222	205	0.0	0.0	0.0	0.0	0.0	0.000	0.000	0.000	-1	0.850	0.850	9	0.850	0.014	0.000	0.000	0.000	0.0	0.5	0.000	11.4	4.77	1.08	1	11.8	44.96	41.96	44.53	400.33	393.09	32.535	35.494	32.91	35.91	400.3	1990	119	97.3	-2.56	-0.684	0.5	111115
21	"14:44:00"	135.0	22.3	0.223	205	0.0	0.0	0.0	0.0	0.0	0.000	0.000	0.000	-1	0.850	0.850	9	0.850	0.014	0.000	0.000	0.000	0.0	0.5	0.000	11.4	4.76	1.08	1	11.8	44.95	41.92	44.52	400.35	393.12	32.521	35.478	32.92	35.92	400.0	1990	119	97.3	-2.56	-0.684	0.5	111115
22	"14:44:05"	140.0	22.4	0.22	203	0.0	0.0	0.0	0.0	0.0	0.000	0.000	0.000	-1	0.850	0.850	9	0.850	0.014	0.000	0.000	0.000	0.0	0.5	0.000	11.3	4.77	1.08	1	11.8	44.93	41.95	44.50	400.48	393.24	32.522	35.452	32.95	35.92	400.0	1990	119	97.3	-2.56	-0.684	0.8	111115
23	"14:44:10"	145.0	21.5	0.221	211	0.0	0.0	0.0	0.0	0.0	0.000	0.000	0.000	-1	0.850	0.850	9	0.850	0.013	0.000	0.000	0.000	0.0	0.5	0.000	11.3	4.75	1.08	1	11.8	44.92	41.89	44.49	400.27	393.28	32.499	35.437	32.95	35.93	400.0	1990	119	97.3	-2.56	-0.684	0.5	111115
24	"14:44:15"	150.0	21.3	0.22	211	0.0	0.0	0.0	0.0	0.0	0.000	0.000	0.000	-1	0.850	0.850	9	0.850	0.013	0.000	0.000	0.000	0.0	0.5	0.000	11.2	4.77	1.08	1	11.8	44.90	41.93	44.48	400.25	393.31	32.494	35.419	32.97	35.94	400.1	1990	119	97.3	-2.56	-0.684	0.5	111115
25	"14:44:20"	155.0	22	0.22	206	0.0	0.0	0.0	0.0	0.0	0.000	0.000	0.000	-1	0.850	0.850	9	0.850	0.014	0.000	0.000	0.000	0.0	0.5	0.000	11.2	4.76	1.08	1	11.8	44.89	41.90	44.46	400.44	393.31	32.479	35.408	32.98	35.95	400.0	1990	119	97.3	-2.56	-0.684	0.5	111115
26	"14:44:25"	160.0	21.6	0.22	209	0.0	0.0	0.0	0.0	0.0	0.000	0.000	0.000	-1	0.850	0.850	9	0.850	0.013	0.000	0.000	0.000	0.0	0.5	0.000	11.2	4.74	1.08	1	11.8	44.88	41.87	44.45	400.44	393.42	32.469	35.386	32.99	35.95	400.0	1990	118	97.3	-2.56	-0.684	0.5	111115
27	"14:44:30"	165.0	21.7	0.219	207	0.0	0.0	0.0	0.0	0.0	0.000	0.000	0.000	-1	0.850	0.850	9	0.850	0.013	0.000	0.000	0.000	0.0	0.5	0.000	11.2	4.76	1.08	1	11.8	44.86	41.91	44.44	400.48	393.44	32.452	35.362	32.99	35.95	400.4	1990	119	97.3	-2.56	-0.684	0.8	111115
28	"14:44:35"	170.0	21.2	0.218	210	0.0	0.0	0.0	0.0	0.0	0.000	0.000	0.000	-1	0.850	0.850	9	0.850	0.013	0.000	0.000	0.000	0.0	0.5	0.000	11.1	4.75	1.08	1	11.8	44.85	41.88	44.42	400.41	393.50	32.454	35.351	33.02	35.96	399.9	1991	119	97.3	-2.56	-0.684	0.5	111115
29	"14:44:40"	175.0	21.5	0.216	207	0.0	0.0	0.0	0.0	0.0	0.000	0.000	0.000	-1	0.850	0.850	9	0.850	0.013	0.000	0.000	0.000	0.0	0.5	0.000	11	4.76	1.08	1	11.8	44.84	41.89	44.41	400.59	393.62	32.450	35.326	33.03	35.96	399.9	1991	118	97.3	-2.56	-0.684	0.2	111115
30	"14:44:45"	180.0	21.3	0.218	209	0.0	0.0	0.0	0.0	0.0	0.000	0.000	0.000	-1	0.850	0.850	9	0.850	0.013	0.000	0.000	0.000	0.0	0.5	0.000	11.1	4.75	1.08	1	11.8	44.83	41.86	44.40	400.51	393.58	32.433	35.317	33.03	35.97	400.3	1991	118	97.3	-2.56	-0.684	0.5	111115
31	"14:44:50"	185.0	20.4	0.216	215	0.0	0.0	0.0	0.0	0.0	0.000	0.000	0.000	-1	0.850	0.850	9	0.850	0.013	0.000	0.000	0.000	0.0	0.5	0.000	11	4.75	1.08	1	11.8	44.82	41.87	44.39	400.42	393.73	32.426	35.294	33.05	35.97	399.9	1991	118	97.3	-2.56	-0.684	0.5	111115
32	"14:44:55"	190.0	20.7	0.215	213	0.0	0.0	0.0	0.0	0.0	0.000	0.000	0.000	-1	0.850	0.850	9	0.850	0.013	0.000	0.000	0.000	0.0	0.5	0.000	11	4.75	1.08	1	11.8	44.80	41.86	44.38	400.51	393.76	32.424	35.285	33.07	35.99	399.9	1991	119	97.3	-2.56	-0.684	0.8	111115
33	"14:45:00"	195.0	20.8	0.215	211	0.0	0.0	0.0	0.0	0.0	0.000	0.000	0.000	-1	0.850	0.850	9	0.850	0.013	0.000	0.000	0.000	0.0	0.5	0.000	10.9	4.75	1.08	1	11.8	44.79	41.85	44.37	400.64	393.85	32.413	35.261	33.07	35.98	400.0	1991	118	97.3	-2.56	-0.684	0.5	111115
34	"14:45:05"	200.0	19.7	0.214	219	0.0	0.0	0.0	0.0	0.0	0.000	0.000	0.000	-1	0.850	0.850	9	0.850	0.012	0.000	0.000	0.000	0.0	0.5	0.000	10.9	4.74	1.08	1	11.8	44.78	41.82	44.36	400.49	394.01	32.409	35.238	33.09	35.98	400.0	1991	118	97.3	-2.56	-0.684	0.5	111115
35	"14:45:10"	205.0	20	0.211	214	0.0	0.0	0.0	0.0	0.0	0.000	0.000	0.000	-1	0.850	0.850	9	0.850	0.012	0.000	0.000	0.000	0.0	0.5	0.000	10.8	4.76	1.08	1	11.8	44.77	41.87	44.35	400.50	393.94	32.415	35.223	33.11	35.98	400.0	1991	116	97.3	-2.56	-0.684	0.2	111115
36	"14:45:15"	210.0	19.9	0.212	216	0.0	0.0	0.0	0.0	0.0	0.000	0.000	0.000	-1	0.850	0.850	9	0.850	0.012	0.000	0.000	0.000	0.0	0.5	0.000	10.8	4.75	1.08	1	11.8	44.76	41.84	44.34	400.61	394.08	32.392	35.207	33.11	35.99	400.4	1991	116	97.3	-2.56	-0.684	0.2	111115
37	"14:45:20"	215.0	19.1	0.21	221	0.0	0.0	0.0	0.0	0.0	0.000	0.000	0.000	-1	0.850	0.850	9	0.850	0.012	0.000	0.000	0.000	0.0	0.5	0.000	10.7	4.75	1.08	1	11.8	44.75	41.83	44.33	400.30	394.01	32.396	35.187	33.13	35.98	399.9	1991	114	97.3	-2.56	-0.684	0.2	111115
38	"14:45:25"	220.0	19.7	0.21	216	0.0	0.0	0.0	0.0	0.0	0.000	0.000	0.000	-1	0.850	0.850	9	0.850	0.012	0.000	0.000	0.000	0.0	0.5	0.000	10.7	4.75	1.08	1	11.8	44.74	41.83	44.32	400.47	394.01	32.386	35.172	33.13	35.99	399.9	1991	115	97.3	-2.56	-0.684	0.5	111115
