"OPEN 5.3.2"
"Mon Jul 11 2011 13:12:29"
"Unit="	"PSC-1570"
"LCF="	"LCF-0398"
"LCFCals="	" -1.56 -1.57  0.00"
"ComputeList="	"/User/Configs/Comps/Std Flr Comp"
"BLCTable="	"/Sys/Lib/BLCTable_LCF"
"LightSource="	"6400-40 LCF"	1	0.16
"LogFormat="	"/User/Configs/LogFormats/Std Flr Log"
"LogCodes="	-35	-21	-36	30	23	36	-86	-88	-87	-89	-90	4202	4211	4212	4213	4206	4205	-81	4207	4215	4216	4220	4221	-96	4222	4223	21	25	-33	-34	-32	-9	-10	-8	-1	-2	-4	-5	-14	-15	-7	-12	-13	-11	-65	-66	-72	-23
"PromptList="	"/User/Configs/Prompts/Default (none)"
"Stability= (Photo 20s SLP<0.5)(Cond 20s SLP<0.01)(H2OS 20s SLP<1)(F 20s SLP<1)"
"13:12:31 "
$STARTOFDATA$
"Obs"	"HHMMSS"	"FTime"	"Photo"	"Cond"	"Ci"	"Fo"	"Fm"	"Fo'"	"Fm'"	"Fs"	"Fv/Fm"	"Fv'/Fm'"	"PhiPS2"	"Adark"	"RedAbs"	"BlueAbs"	"%Blue"	"LeafAbs"	"PhiCO2"	"qP"	"qN"	"NPQ"	"ParIn@Fs"	"PS2/1"	"ETR"	"Trmmol"	"VpdL"	"Area"	"StmRat"	"BLCond"	"Tair"	"Tleaf"	"TBlk"	"CO2R"	"CO2S"	"H2OR"	"H2OS"	"RH_R"	"RH_S"	"Flow"	"PARi"	"PARo"	"Press"	"CsMch"	"HsMch"	"StableF"	"Status"
1	"13:12:39"	18.0	36.8	0.258	136	0.0	0.0	0.0	0.0	0.0	0.000	0.000	0.000	-1	0.850	0.850	0	0.850	0.021	0.000	0.000	0.000	0.0	0.5	0.000	11.2	4	1.36	1	11	43.92	41.66	43.71	400.93	386.96	38.903	42.550	41.07	44.92	400.0	2076	904	96.2	14.2	-0.0861	0.0	111115
2	"13:12:45"	23.5	34.4	0.276	164	0.0	0.0	0.0	0.0	0.0	0.000	0.000	0.000	-1	0.850	0.850	0	0.850	0.021	0.000	0.000	0.000	0.0	0.5	0.000	11.9	3.99	1.36	1	11	43.91	41.68	43.71	400.02	386.76	38.914	42.794	41.09	45.18	400.1	2005	904	96.2	14.2	-0.0861	0.0	111115
3	"13:12:50"	28.5	35	0.287	168	0.0	0.0	0.0	0.0	0.0	0.000	0.000	0.000	-1	0.850	0.850	0	0.850	0.021	0.000	0.000	0.000	0.0	0.5	0.000	12.3	3.96	1.36	1	11	43.91	41.64	43.70	400.05	386.53	38.911	42.918	41.09	45.32	400.1	1999	905	96.2	14.2	-0.0861	0.0	111115
4	"13:12:55"	34.0	35.4	0.293	169	0.0	0.0	0.0	0.0	0.0	0.000	0.000	0.000	-1	0.850	0.850	0	0.850	0.021	0.000	0.000	0.000	0.0	0.5	0.000	12.5	3.96	1.36	1	11	43.91	41.65	43.70	400.03	386.34	38.914	42.988	41.10	45.40	400.1	1999	904	96.2	14.2	-0.0861	0.0	111115
5	"13:13:00"	39.5	35.6	0.296	170	0.0	0.0	0.0	0.0	0.0	0.000	0.000	0.000	-1	0.850	0.850	0	0.850	0.022	0.000	0.000	0.000	0.0	0.5	0.000	12.6	3.95	1.36	1	11	43.90	41.64	43.70	400.21	386.44	38.919	43.030	41.11	45.45	400.1	1999	903	96.2	14.2	-0.0861	0.0	111115
6	"13:13:06"	44.5	34.9	0.298	175	0.0	0.0	0.0	0.0	0.0	0.000	0.000	0.000	-1	0.850	0.850	0	0.850	0.021	0.000	0.000	0.000	0.0	0.5	0.000	12.7	3.94	1.36	1	11	43.90	41.64	43.70	400.14	386.61	38.923	43.056	41.12	45.49	400.0	1999	903	96.2	14.2	-0.0861	0.2	111115
7	"13:13:11"	50.0	35.4	0.298	173	0.0	0.0	0.0	0.0	0.0	0.000	0.000	0.000	-1	0.850	0.850	0	0.850	0.021	0.000	0.000	0.000	0.0	0.5	0.000	12.7	3.94	1.36	1	11	43.90	41.63	43.70	400.32	386.63	38.942	43.071	41.14	45.50	400.1	1999	905	96.2	14.2	-0.0861	0.2	111115
8	"13:13:16"	55.0	35.4	0.3	174	0.0	0.0	0.0	0.0	0.0	0.000	0.000	0.000	-1	0.850	0.850	0	0.850	0.021	0.000	0.000	0.000	0.0	0.5	0.000	12.8	3.94	1.36	1	11	43.90	41.62	43.70	400.43	386.71	38.933	43.082	41.13	45.52	400.1	1999	906	96.2	14.2	-0.0861	0.5	111115
9	"13:13:21"	60.5	34.8	0.3	178	0.0	0.0	0.0	0.0	0.0	0.000	0.000	0.000	-1	0.850	0.850	0	0.850	0.021	0.000	0.000	0.000	0.0	0.5	0.000	12.8	3.94	1.36	1	11	43.90	41.63	43.70	400.37	386.86	38.939	43.100	41.14	45.54	400.1	1999	894	96.2	14.2	-0.0861	0.2	111115
10	"13:13:27"	66.0	34.9	0.301	178	0.0	0.0	0.0	0.0	0.0	0.000	0.000	0.000	-1	0.850	0.850	0	0.850	0.021	0.000	0.000	0.000	0.0	0.5	0.000	12.8	3.93	1.36	1	11	43.90	41.62	43.70	400.45	386.91	38.956	43.117	41.16	45.56	400.1	1999	901	96.2	14.2	-0.0861	0.5	111115
11	"13:13:32"	71.5	34.2	0.301	181	0.0	0.0	0.0	0.0	0.0	0.000	0.000	0.000	-1	0.850	0.850	0	0.850	0.021	0.000	0.000	0.000	0.0	0.5	0.000	12.8	3.93	1.36	1	11	43.90	41.62	43.70	400.32	387.00	38.961	43.114	41.17	45.56	400.1	1999	903	96.2	14.2	-0.0861	0.5	111115
12	"13:13:37"	76.5	34.6	0.301	179	0.0	0.0	0.0	0.0	0.0	0.000	0.000	0.000	-1	0.850	0.850	0	0.850	0.021	0.000	0.000	0.000	0.0	0.5	0.000	12.8	3.93	1.36	1	11	43.90	41.62	43.70	400.37	386.93	38.965	43.120	41.18	45.57	400.0	1999	887	96.2	14.2	-0.0861	0.5	111115
13	"13:13:42"	81.5	34.7	0.301	179	0.0	0.0	0.0	0.0	0.0	0.000	0.000	0.000	-1	0.850	0.850	0	0.850	0.021	0.000	0.000	0.000	0.0	0.5	0.000	12.8	3.93	1.36	1	11	43.89	41.62	43.70	400.57	387.10	38.965	43.122	41.18	45.58	400.1	1999	892	96.2	14.2	-0.0861	0.5	111115
14	"13:13:47"	86.5	34.5	0.299	179	0.0	0.0	0.0	0.0	0.0	0.000	0.000	0.000	-1	0.850	0.850	0	0.850	0.021	0.000	0.000	0.000	0.0	0.5	0.000	12.7	3.94	1.36	1	11	43.89	41.63	43.70	400.51	387.12	38.978	43.118	41.20	45.57	400.0	1999	900	96.2	14.2	-0.0861	0.8	111115
15	"13:13:52"	91.5	35.4	0.299	173	0.0	0.0	0.0	0.0	0.0	0.000	0.000	0.000	-1	0.850	0.850	0	0.850	0.021	0.000	0.000	0.000	0.0	0.5	0.000	12.7	3.94	1.36	1	11	43.89	41.64	43.70	400.67	386.95	38.977	43.119	41.20	45.58	400.0	1999	905	96.2	14.2	-0.0861	0.5	111115
16	"13:13:57"	96.5	34.8	0.3	177	0.0	0.0	0.0	0.0	0.0	0.000	0.000	0.000	-1	0.850	0.850	0	0.850	0.021	0.000	0.000	0.000	0.0	0.5	0.000	12.8	3.94	1.36	1	11	43.89	41.65	43.70	400.60	387.08	38.972	43.130	41.19	45.59	400.0	1999	904	96.2	14.2	-0.0861	0.5	111115
17	"13:14:02"	101.5	34.5	0.3	179	0.0	0.0	0.0	0.0	0.0	0.000	0.000	0.000	-1	0.850	0.850	0	0.850	0.021	0.000	0.000	0.000	0.0	0.5	0.000	12.8	3.94	1.36	1	11	43.89	41.63	43.70	400.51	387.10	38.977	43.133	41.20	45.60	400.1	1999	906	96.2	14.2	-0.0861	0.8	111115
18	"13:14:07"	106.5	35	0.3	177	0.0	0.0	0.0	0.0	0.0	0.000	0.000	0.000	-1	0.850	0.850	0	0.850	0.021	0.000	0.000	0.000	0.0	0.5	0.000	12.8	3.94	1.36	1	11	43.89	41.63	43.70	400.63	387.07	38.983	43.133	41.21	45.60	400.0	1999	900	96.2	14.2	-0.0861	0.8	111115
19	"13:14:12"	111.5	35.3	0.3	175	0.0	0.0	0.0	0.0	0.0	0.000	0.000	0.000	-1	0.850	0.850	0	0.850	0.021	0.000	0.000	0.000	0.0	0.5	0.000	12.8	3.93	1.36	1	11	43.89	41.63	43.70	400.80	387.11	38.985	43.133	41.21	45.60	400.0	1999	898	96.2	14.2	-0.0861	0.5	111115
20	"13:14:17"	116.5	34.7	0.299	178	0.0	0.0	0.0	0.0	0.0	0.000	0.000	0.000	-1	0.850	0.850	0	0.850	0.021	0.000	0.000	0.000	0.0	0.5	0.000	12.7	3.93	1.36	1	11	43.89	41.63	43.70	400.73	387.27	39.000	43.131	41.23	45.59	400.1	1999	903	96.2	14.2	-0.0861	0.5	111115
21	"13:14:22"	121.5	33.7	0.299	183	0.0	0.0	0.0	0.0	0.0	0.000	0.000	0.000	-1	0.850	0.850	0	0.850	0.020	0.000	0.000	0.000	0.0	0.5	0.000	12.7	3.94	1.36	1	11	43.89	41.63	43.70	400.51	387.37	38.996	43.134	41.22	45.60	400.1	1999	904	96.2	14.2	-0.0861	0.5	111115
22	"13:14:27"	126.5	34	0.298	181	0.0	0.0	0.0	0.0	0.0	0.000	0.000	0.000	-1	0.850	0.850	0	0.850	0.021	0.000	0.000	0.000	0.0	0.5	0.000	12.7	3.94	1.36	1	11	43.89	41.63	43.70	400.63	387.40	38.996	43.123	41.22	45.58	400.0	1999	904	96.2	14.2	-0.0861	0.5	111115
23	"13:14:32"	131.5	34.3	0.298	179	0.0	0.0	0.0	0.0	0.0	0.000	0.000	0.000	-1	0.850	0.850	0	0.850	0.021	0.000	0.000	0.000	0.0	0.5	0.000	12.7	3.94	1.36	1	11	43.89	41.63	43.70	400.77	387.45	38.998	43.121	41.23	45.58	400.1	1999	903	96.2	14.2	-0.0861	0.5	111115
24	"13:14:37"	136.5	34	0.299	181	0.0	0.0	0.0	0.0	0.0	0.000	0.000	0.000	-1	0.850	0.850	0	0.850	0.021	0.000	0.000	0.000	0.0	0.5	0.000	12.7	3.93	1.36	1	11	43.89	41.62	43.70	400.67	387.45	38.995	43.121	41.22	45.58	400.1	1999	899	96.2	14.2	-0.0861	0.5	111115
25	"13:14:42"	141.5	34.4	0.298	179	0.0	0.0	0.0	0.0	0.0	0.000	0.000	0.000	-1	0.850	0.850	0	0.850	0.021	0.000	0.000	0.000	0.0	0.5	0.000	12.7	3.93	1.36	1	11	43.89	41.63	43.71	400.84	387.47	38.988	43.116	41.21	45.58	400.1	1998	895	96.2	14.2	-0.0861	0.5	111115
