"OPEN 5.3.2"
"Mon Jul 11 2011 14:26:00"
"Unit="	"PSC-1570"
"LCF="	"LCF-0398"
"LCFCals="	" -1.56 -1.57  0.00"
"ComputeList="	"/User/Configs/Comps/Std Flr Comp"
"BLCTable="	"/Sys/Lib/BLCTable_LCF"
"LightSource="	"6400-40 LCF"	1	0.16
"LogFormat="	"/User/Configs/LogFormats/Std Flr Log"
"LogCodes="	-35	-21	-36	30	23	36	-86	-88	-87	-89	-90	4202	4211	4212	4213	4206	4205	-81	4207	4215	4216	4220	4221	-96	4222	4223	21	25	-33	-34	-32	-9	-10	-8	-1	-2	-4	-5	-14	-15	-7	-12	-13	-11	-65	-66	-72	-23
"PromptList="	"/User/Configs/Prompts/Default (none)"
"Stability= (Photo 20s SLP<0.5)(Cond 20s SLP<0.01)(H2OS 20s SLP<1)(F 20s SLP<1)"
"14:26:01 "
$STARTOFDATA$
"Obs"	"HHMMSS"	"FTime"	"Photo"	"Cond"	"Ci"	"Fo"	"Fm"	"Fo'"	"Fm'"	"Fs"	"Fv/Fm"	"Fv'/Fm'"	"PhiPS2"	"Adark"	"RedAbs"	"BlueAbs"	"%Blue"	"LeafAbs"	"PhiCO2"	"qP"	"qN"	"NPQ"	"ParIn@Fs"	"PS2/1"	"ETR"	"Trmmol"	"VpdL"	"Area"	"StmRat"	"BLCond"	"Tair"	"Tleaf"	"TBlk"	"CO2R"	"CO2S"	"H2OR"	"H2OS"	"RH_R"	"RH_S"	"Flow"	"PARi"	"PARo"	"Press"	"CsMch"	"HsMch"	"StableF"	"Status"
1	"14:26:08"	14.0	9.84	0.0937	198	0.0	0.0	0.0	0.0	0.0	0.000	0.000	0.000	-1	0.850	0.850	0	0.850	0.006	0.000	0.000	0.000	0.0	0.5	0.000	5.77	5.57	1.36	1	11	45.24	44.18	45.16	400.42	396.31	36.191	38.073	35.68	37.54	401.2	2078	157	96.2	15.1	-0.136	0.0	111115
2	"14:26:13"	19.5	12.8	0.109	178	0.0	0.0	0.0	0.0	0.0	0.000	0.000	0.000	-1	0.850	0.850	0	0.850	0.008	0.000	0.000	0.000	0.0	0.5	0.000	6.66	5.54	1.36	1	11	45.24	44.15	45.13	400.45	395.23	36.163	38.334	35.65	37.79	401.1	2008	155	96.2	15.1	-0.136	0.0	111115
3	"14:26:19"	24.5	13.4	0.118	183	0.0	0.0	0.0	0.0	0.0	0.000	0.000	0.000	-1	0.850	0.850	0	0.850	0.008	0.000	0.000	0.000	0.0	0.5	0.000	7.14	5.48	1.36	1	11	45.24	44.05	45.12	400.34	394.83	36.143	38.470	35.63	37.92	401.1	2001	155	96.2	15.1	-0.136	0.0	111115
4	"14:26:24"	30.0	13.7	0.126	190	0.0	0.0	0.0	0.0	0.0	0.000	0.000	0.000	-1	0.850	0.850	0	0.850	0.009	0.000	0.000	0.000	0.0	0.5	0.000	7.52	5.42	1.36	1	11	45.24	43.96	45.13	400.39	394.73	36.121	38.573	35.61	38.03	401.0	2002	156	96.2	15.1	-0.136	0.0	111115
5	"14:26:29"	35.5	12.2	0.133	217	0.0	0.0	0.0	0.0	0.0	0.000	0.000	0.000	-1	0.850	0.850	0	0.850	0.008	0.000	0.000	0.000	0.0	0.5	0.000	7.84	5.38	1.36	1	11	45.24	43.88	45.15	400.59	395.39	36.099	38.655	35.59	38.11	401.1	1999	158	96.2	15.1	-0.136	0.0	111115
6	"14:26:34"	40.5	8.67	0.139	264	0.0	0.0	0.0	0.0	0.0	0.000	0.000	0.000	-1	0.850	0.850	0	0.850	0.006	0.000	0.000	0.000	0.0	0.5	0.000	8.13	5.34	1.36	1	11	45.23	43.81	45.16	400.34	396.30	36.069	38.719	35.57	38.18	401.1	1999	149	96.2	15.1	-0.136	0.0	111115
7	"14:26:39"	45.5	6.88	0.144	287	0.0	0.0	0.0	0.0	0.0	0.000	0.000	0.000	-1	0.850	0.850	0	0.850	0.005	0.000	0.000	0.000	0.0	0.5	0.000	8.37	5.29	1.36	1	11	45.23	43.73	45.17	400.51	397.05	36.048	38.781	35.55	38.25	400.3	1999	153	96.2	15.1	-0.136	0.0	111115
8	"14:26:44"	50.5	5.05	0.149	310	0.0	0.0	0.0	0.0	0.0	0.000	0.000	0.000	-1	0.850	0.850	0	0.850	0.004	0.000	0.000	0.000	0.0	0.5	0.000	8.62	5.26	1.36	1	11	45.23	43.66	45.17	400.47	397.59	36.026	38.840	35.54	38.31	400.3	2000	162	96.2	15.1	-0.136	0.2	111115
9	"14:26:49"	55.5	4.23	0.155	320	0.0	0.0	0.0	0.0	0.0	0.000	0.000	0.000	-1	0.850	0.850	0	0.850	0.003	0.000	0.000	0.000	0.0	0.5	0.000	8.85	5.22	1.36	1	11	45.22	43.59	45.17	400.59	397.95	36.006	38.895	35.53	38.38	400.4	1999	165	96.2	15.1	-0.136	0.2	111115
10	"14:26:54"	60.5	3.34	0.159	331	0.0	0.0	0.0	0.0	0.0	0.000	0.000	0.000	-1	0.850	0.850	0	0.850	0.003	0.000	0.000	0.000	0.0	0.5	0.000	9.02	5.18	1.36	1	11	45.22	43.53	45.16	400.69	398.33	35.989	38.935	35.52	38.42	400.4	1999	161	96.2	15.1	-0.136	0.2	111115
11	"14:27:00"	66.0	2.61	0.163	339	0.0	0.0	0.0	0.0	0.0	0.000	0.000	0.000	-1	0.850	0.850	0	0.850	0.002	0.000	0.000	0.000	0.0	0.5	0.000	9.24	5.16	1.36	1	11	45.21	43.48	45.15	400.58	398.44	35.951	38.968	35.49	38.47	400.4	1999	155	96.2	15.1	-0.136	0.2	111115
12	"14:27:05"	71.0	1.8	0.166	347	0.0	0.0	0.0	0.0	0.0	0.000	0.000	0.000	-1	0.850	0.850	0	0.850	0.002	0.000	0.000	0.000	0.0	0.5	0.000	9.35	5.14	1.36	1	11	45.21	43.44	45.14	400.47	398.59	35.939	38.993	35.49	38.51	400.3	1999	155	96.2	15.1	-0.136	0.2	111115
13	"14:27:10"	76.0	2.13	0.168	344	0.0	0.0	0.0	0.0	0.0	0.000	0.000	0.000	-1	0.850	0.850	0	0.850	0.002	0.000	0.000	0.000	0.0	0.5	0.000	9.45	5.13	1.36	1	11	45.20	43.42	45.13	400.58	398.58	35.917	39.003	35.48	38.53	400.3	1999	160	96.2	15.1	-0.136	0.2	111115
14	"14:27:15"	81.0	2.43	0.17	342	0.0	0.0	0.0	0.0	0.0	0.000	0.000	0.000	-1	0.850	0.850	0	0.850	0.002	0.000	0.000	0.000	0.0	0.5	0.000	9.52	5.12	1.36	1	11	45.19	43.40	45.12	400.68	398.57	35.902	39.009	35.48	38.55	400.3	1999	159	96.2	15.1	-0.136	0.2	111115
15	"14:27:20"	86.0	2.81	0.17	338	0.0	0.0	0.0	0.0	0.0	0.000	0.000	0.000	-1	0.850	0.850	0	0.850	0.002	0.000	0.000	0.000	0.0	0.5	0.000	9.51	5.11	1.36	1	11	45.19	43.37	45.10	400.72	398.48	35.901	39.006	35.48	38.55	400.3	1999	158	96.2	15.1	-0.136	0.5	111115
16	"14:27:25"	91.0	2.77	0.172	339	0.0	0.0	0.0	0.0	0.0	0.000	0.000	0.000	-1	0.850	0.850	0	0.850	0.002	0.000	0.000	0.000	0.0	0.5	0.000	9.6	5.1	1.36	1	11	45.19	43.36	45.08	400.64	398.40	35.865	39.001	35.45	38.55	400.3	1999	158	96.2	15.1	-0.136	0.2	111115
17	"14:27:30"	96.0	3.22	0.172	335	0.0	0.0	0.0	0.0	0.0	0.000	0.000	0.000	-1	0.850	0.850	0	0.850	0.002	0.000	0.000	0.000	0.0	0.5	0.000	9.59	5.09	1.36	1	11	45.18	43.34	45.07	400.73	398.34	35.856	38.987	35.45	38.55	400.1	1999	163	96.2	15.1	-0.136	0.2	111115
18	"14:27:35"	101.0	3.07	0.171	336	0.0	0.0	0.0	0.0	0.0	0.000	0.000	0.000	-1	0.850	0.850	0	0.850	0.002	0.000	0.000	0.000	0.0	0.5	0.000	9.55	5.1	1.36	1	11	45.18	43.34	45.05	400.65	398.32	35.843	38.962	35.44	38.52	400.1	1999	157	96.2	15.1	-0.136	0.5	111115
19	"14:27:40"	106.0	3.25	0.171	334	0.0	0.0	0.0	0.0	0.0	0.000	0.000	0.000	-1	0.850	0.850	0	0.850	0.003	0.000	0.000	0.000	0.0	0.5	0.000	9.55	5.11	1.36	1	11	45.18	43.36	45.05	400.65	398.25	35.823	38.943	35.43	38.52	400.1	1999	149	96.2	15.1	-0.136	0.5	111115
20	"14:27:45"	110.5	3.54	0.171	331	0.0	0.0	0.0	0.0	0.0	0.000	0.000	0.000	-1	0.850	0.850	0	0.850	0.003	0.000	0.000	0.000	0.0	0.5	0.000	9.57	5.11	1.36	1	11	45.18	43.37	45.04	400.71	398.21	35.793	38.920	35.40	38.50	400.1	1999	149	96.2	15.1	-0.136	0.5	111115
21	"14:27:50"	116.0	3.78	0.17	329	0.0	0.0	0.0	0.0	0.0	0.000	0.000	0.000	-1	0.850	0.850	0	0.850	0.003	0.000	0.000	0.000	0.0	0.5	0.000	9.53	5.13	1.36	1	11	45.17	43.40	45.03	400.71	398.13	35.786	38.899	35.40	38.48	400.1	1998	150	96.2	15.1	-0.136	0.5	111115
22	"14:27:55"	121.5	3.89	0.168	328	0.0	0.0	0.0	0.0	0.0	0.000	0.000	0.000	-1	0.850	0.850	0	0.850	0.003	0.000	0.000	0.000	0.0	0.5	0.000	9.48	5.14	1.36	1	11	45.17	43.42	45.03	400.84	398.23	35.763	38.862	35.39	38.45	400.0	1998	152	96.2	15.1	-0.136	0.5	111115
23	"14:28:00"	126.5	3.68	0.167	329	0.0	0.0	0.0	0.0	0.0	0.000	0.000	0.000	-1	0.850	0.850	0	0.850	0.003	0.000	0.000	0.000	0.0	0.5	0.000	9.43	5.16	1.36	1	11	45.17	43.45	45.02	400.84	398.31	35.756	38.837	35.38	38.43	400.0	1999	155	96.2	15.1	-0.136	0.5	111115
24	"14:28:05"	131.5	3.41	0.166	331	0.0	0.0	0.0	0.0	0.0	0.000	0.000	0.000	-1	0.850	0.850	0	0.850	0.003	0.000	0.000	0.000	0.0	0.5	0.000	9.39	5.16	1.36	1	11	45.16	43.46	45.02	400.74	398.31	35.731	38.801	35.36	38.40	400.0	1999	150	96.2	15.1	-0.136	0.5	111115
25	"14:28:10"	136.5	4.08	0.165	325	0.0	0.0	0.0	0.0	0.0	0.000	0.000	0.000	-1	0.850	0.850	0	0.850	0.003	0.000	0.000	0.000	0.0	0.5	0.000	9.36	5.19	1.36	1	11	45.16	43.50	45.02	400.97	398.32	35.721	38.779	35.36	38.39	400.1	1999	149	96.2	15.1	-0.136	0.5	111115
26	"14:28:15"	141.5	3.36	0.163	331	0.0	0.0	0.0	0.0	0.0	0.000	0.000	0.000	-1	0.850	0.850	0	0.850	0.003	0.000	0.000	0.000	0.0	0.5	0.000	9.28	5.2	1.36	1	11	45.16	43.52	45.01	400.72	398.32	35.708	38.741	35.35	38.36	400.1	1999	158	96.2	15.1	-0.136	0.2	111115
27	"14:28:20"	146.5	3.35	0.162	331	0.0	0.0	0.0	0.0	0.0	0.000	0.000	0.000	-1	0.850	0.850	0	0.850	0.003	0.000	0.000	0.000	0.0	0.5	0.000	9.25	5.21	1.36	1	11	45.15	43.55	45.01	400.80	398.41	35.699	38.723	35.35	38.34	400.1	1999	162	96.2	15.1	-0.136	0.5	111115
28	"14:28:25"	151.5	3.35	0.16	331	0.0	0.0	0.0	0.0	0.0	0.000	0.000	0.000	-1	0.850	0.850	0	0.850	0.003	0.000	0.000	0.000	0.0	0.5	0.000	9.17	5.23	1.36	1	11	45.15	43.57	45.01	400.81	398.43	35.693	38.690	35.35	38.32	400.0	1999	163	96.2	15.1	-0.136	0.2	111115
29	"14:28:30"	156.5	3.46	0.159	329	0.0	0.0	0.0	0.0	0.0	0.000	0.000	0.000	-1	0.850	0.850	0	0.850	0.003	0.000	0.000	0.000	0.0	0.5	0.000	9.15	5.24	1.36	1	11	45.15	43.60	45.00	400.82	398.40	35.661	38.651	35.32	38.28	400.0	1998	164	96.2	15.1	-0.136	0.2	111115
30	"14:28:35"	161.5	4.21	0.158	322	0.0	0.0	0.0	0.0	0.0	0.000	0.000	0.000	-1	0.850	0.850	0	0.850	0.003	0.000	0.000	0.000	0.0	0.5	0.000	9.1	5.25	1.36	1	11	45.15	43.61	45.00	401.04	398.37	35.651	38.626	35.31	38.26	400.1	1998	163	96.2	15.1	-0.136	0.2	111115
31	"14:28:40"	166.5	3.11	0.155	332	0.0	0.0	0.0	0.0	0.0	0.000	0.000	0.000	-1	0.850	0.850	0	0.850	0.002	0.000	0.000	0.000	0.0	0.5	0.000	8.97	5.28	1.36	1	11	45.15	43.65	45.00	400.73	398.46	35.644	38.575	35.31	38.21	400.0	1998	162	96.2	15.1	-0.136	0.2	111115
