"OPEN 5.3.2"
"Mon Jul 11 2011 15:49:10"
"Unit="	"PSC-1512"
"LCF="	"LCF-0428"
"LCFCals="	" -1.94 -2.02-2862.00"
"ComputeList="	"/User/Configs/Comps/Std Flr Comp"
"BLCTable="	"/Sys/Lib/BLCTable_LCF"
"LightSource="	"6400-40 LCF"	1	0.16
"LogFormat="	"/User/Configs/LogFormats/Std Flr Log"
"LogCodes="	-35	-21	-36	30	23	36	-86	-88	-87	-89	-90	4202	4211	4212	4213	4206	4205	-81	4207	4215	4216	4220	4221	-96	4222	4223	21	25	-33	-34	-32	-9	-10	-8	-1	-2	-4	-5	-14	-15	-7	-12	-13	-11	-65	-66	-72	-23
"PromptList="	"/User/Configs/Prompts/Default (none)"
"Stability= (Photo 20s SLP<0.5)(Cond 20s SLP<0.01)(H2OS 20s SLP<1)(F 20s SLP<1)"
"15:49:10 "
$STARTOFDATA$
"Obs"	"HHMMSS"	"FTime"	"Photo"	"Cond"	"Ci"	"Fo"	"Fm"	"Fo'"	"Fm'"	"Fs"	"Fv/Fm"	"Fv'/Fm'"	"PhiPS2"	"Adark"	"RedAbs"	"BlueAbs"	"%Blue"	"LeafAbs"	"PhiCO2"	"qP"	"qN"	"NPQ"	"ParIn@Fs"	"PS2/1"	"ETR"	"Trmmol"	"VpdL"	"Area"	"StmRat"	"BLCond"	"Tair"	"Tleaf"	"TBlk"	"CO2R"	"CO2S"	"H2OR"	"H2OS"	"RH_R"	"RH_S"	"Flow"	"PARi"	"PARo"	"Press"	"CsMch"	"HsMch"	"StableF"	"Status"
1	"15:49:17"	14.0	-14	0.0103	2.44E+03	0.0	0.0	0.0	0.0	0.0	0.000	0.000	0.000	-1	0.850	0.850	9	0.850	-0.008	0.000	0.000	0.000	0.0	0.5	0.000	0.681	6.01	1.08	1	11.8	45.58	45.48	45.01	399.74	403.44	39.672	39.848	38.86	39.04	400.3	1894	112	97.27	-2.82	-0.696	0.0	111115
2	"15:49:23"	19.5	-5.73	0.0188	824	0.0	0.0	0.0	0.0	0.0	0.000	0.000	0.000	-1	0.850	0.850	9	0.850	-0.003	0.000	0.000	0.000	0.0	0.5	0.000	1.25	6.01	1.08	1	11.8	45.59	45.51	45.02	400.14	401.55	39.647	39.970	38.80	39.12	400.3	1985	113	97.27	-2.82	-0.696	0.0	111115
3	"15:49:28"	24.5	-2.63	0.0228	536	0.0	0.0	0.0	0.0	0.0	0.000	0.000	0.000	-1	0.850	0.850	9	0.850	-0.001	0.000	0.000	0.000	0.0	0.5	0.000	1.52	6.05	1.08	1	11.8	45.61	45.61	45.02	400.26	400.80	39.629	40.023	38.76	39.14	400.4	1991	113	97.27	-2.82	-0.696	0.0	111115
4	"15:49:33"	30.0	-1.55	0.0256	452	0.0	0.0	0.0	0.0	0.0	0.000	0.000	0.000	-1	0.850	0.850	9	0.850	-0.000	0.000	0.000	0.000	0.0	0.5	0.000	1.71	6.03	1.08	1	11.8	45.62	45.58	45.03	400.16	400.40	39.614	40.056	38.71	39.15	400.4	1991	126	97.27	-2.82	-0.696	0.2	111115
5	"15:49:38"	35.0	-1.1	0.0273	421	0.0	0.0	0.0	0.0	0.0	0.000	0.000	0.000	-1	0.850	0.850	9	0.850	-0.000	0.000	0.000	0.000	0.0	0.5	0.000	1.82	6.04	1.08	1	11.8	45.63	45.59	45.03	400.13	400.23	39.580	40.051	38.66	39.12	400.4	1991	130	97.27	-2.82	-0.696	0.2	111115
6	"15:49:44"	40.5	-0.614	0.0281	393	0.0	0.0	0.0	0.0	0.0	0.000	0.000	0.000	-1	0.850	0.850	9	0.850	0.000	0.000	0.000	0.000	0.0	0.5	0.000	1.88	6.05	1.08	1	11.8	45.65	45.60	45.04	400.15	400.12	39.555	40.042	38.61	39.09	400.3	1991	130	97.27	-2.82	-0.696	0.2	111115
7	"15:49:49"	45.5	-0.523	0.0288	387	0.0	0.0	0.0	0.0	0.0	0.000	0.000	0.000	-1	0.850	0.850	9	0.850	0.000	0.000	0.000	0.000	0.0	0.5	0.000	1.92	6.04	1.08	1	11.8	45.66	45.59	45.04	400.15	400.09	39.533	40.031	38.57	39.06	400.3	1990	130	97.27	-2.82	-0.696	0.2	111115
8	"15:49:54"	51.0	-0.373	0.0297	379	0.0	0.0	0.0	0.0	0.0	0.000	0.000	0.000	-1	0.850	0.850	9	0.850	0.000	0.000	0.000	0.000	0.0	0.5	0.000	1.98	6.05	1.08	1	11.8	45.67	45.60	45.05	400.18	400.07	39.506	40.019	38.52	39.02	400.3	1991	131	97.27	-2.82	-0.696	0.2	111115
9	"15:49:59"	56.0	-0.0635	0.0293	363	0.0	0.0	0.0	0.0	0.0	0.000	0.000	0.000	-1	0.850	0.850	9	0.850	0.001	0.000	0.000	0.000	0.0	0.5	0.000	1.96	6.05	1.08	1	11.8	45.68	45.60	45.05	400.22	400.03	39.480	39.988	38.48	38.97	400.2	1991	131	97.27	-2.82	-0.696	0.5	111115
10	"15:50:05"	61.5	-0.308	0.0305	375	0.0	0.0	0.0	0.0	0.0	0.000	0.000	0.000	-1	0.850	0.850	9	0.850	0.000	0.000	0.000	0.000	0.0	0.5	0.000	2.04	6.06	1.08	1	11.8	45.69	45.61	45.06	400.18	400.04	39.445	39.973	38.42	38.94	400.2	1991	131	97.27	-2.82	-0.696	0.5	111115
11	"15:50:10"	66.5	-0.328	0.0301	376	0.0	0.0	0.0	0.0	0.0	0.000	0.000	0.000	-1	0.850	0.850	9	0.850	0.000	0.000	0.000	0.000	0.0	0.5	0.000	2.01	6.06	1.08	1	11.8	45.70	45.61	45.06	400.14	400.01	39.424	39.946	38.38	38.89	400.2	1991	131	97.27	-2.82	-0.696	0.8	111115
12	"15:50:16"	72.0	-0.546	0.0297	387	0.0	0.0	0.0	0.0	0.0	0.000	0.000	0.000	-1	0.850	0.850	9	0.850	0.000	0.000	0.000	0.000	0.0	0.5	0.000	1.99	6.06	1.08	1	11.8	45.71	45.61	45.07	400.10	400.03	39.404	39.919	38.35	38.85	400.2	1991	131	97.27	-2.82	-0.696	0.8	111115
13	"15:50:21"	77.5	-0.973	0.0297	409	0.0	0.0	0.0	0.0	0.0	0.000	0.000	0.000	-1	0.850	0.850	9	0.850	0.000	0.000	0.000	0.000	0.0	0.5	0.000	1.99	6.06	1.08	1	11.8	45.72	45.59	45.08	399.94	399.98	39.374	39.890	38.30	38.80	400.2	1991	131	97.27	-2.82	-0.696	0.5	111115
14	"15:50:26"	83.0	-0.0521	0.0302	362	0.0	0.0	0.0	0.0	0.0	0.000	0.000	0.000	-1	0.850	0.850	9	0.850	0.001	0.000	0.000	0.000	0.0	0.5	0.000	2.03	6.08	1.08	1	11.8	45.72	45.63	45.08	400.17	399.96	39.339	39.865	38.25	38.76	399.9	1991	113	97.27	-2.82	-0.696	0.8	111115
15	"15:50:32"	88.5	-0.545	0.0309	386	0.0	0.0	0.0	0.0	0.0	0.000	0.000	0.000	-1	0.850	0.850	9	0.850	0.000	0.000	0.000	0.000	0.0	0.5	0.000	2.06	6.03	1.08	1	11.8	45.73	45.54	45.09	400.04	399.97	39.302	39.836	38.20	38.72	400.0	1991	113	97.27	-2.82	-0.696	0.8	111115
16	"15:50:37"	94.0	-0.154	0.0304	367	0.0	0.0	0.0	0.0	0.0	0.000	0.000	0.000	-1	0.850	0.850	9	0.850	0.000	0.000	0.000	0.000	0.0	0.5	0.000	2.04	6.07	1.08	1	11.8	45.74	45.60	45.09	400.12	399.95	39.284	39.811	38.16	38.68	400.4	1991	114	97.27	-2.82	-0.696	0.8	111115
17	"15:50:42"	99.0	-0.545	0.0297	387	0.0	0.0	0.0	0.0	0.0	0.000	0.000	0.000	-1	0.850	0.850	9	0.850	0.000	0.000	0.000	0.000	0.0	0.5	0.000	1.98	6.04	1.08	1	11.8	45.75	45.55	45.10	399.98	399.92	39.270	39.784	38.13	38.63	400.1	1991	114	97.27	-2.82	-0.696	0.8	111115
18	"15:50:48"	104.5	-0.249	0.029	372	0.0	0.0	0.0	0.0	0.0	0.000	0.000	0.000	-1	0.850	0.850	9	0.850	0.000	0.000	0.000	0.000	0.0	0.5	0.000	1.94	6.06	1.08	1	11.8	45.76	45.58	45.10	400.02	399.87	39.257	39.760	38.11	38.60	400.1	1991	114	97.27	-2.82	-0.696	0.5	111115
19	"15:50:53"	109.5	0.153	0.0288	351	0.0	0.0	0.0	0.0	0.0	0.000	0.000	0.000	-1	0.850	0.850	9	0.850	0.001	0.000	0.000	0.000	0.0	0.5	0.000	1.92	6.05	1.08	1	11.8	45.76	45.56	45.11	400.18	399.93	39.247	39.746	38.08	38.57	400.1	1991	114	97.27	-2.82	-0.696	0.5	111115
20	"15:50:58"	114.5	-0.272	0.0291	373	0.0	0.0	0.0	0.0	0.0	0.000	0.000	0.000	-1	0.850	0.850	9	0.850	0.000	0.000	0.000	0.000	0.0	0.5	0.000	1.95	6.06	1.08	1	11.8	45.77	45.57	45.12	399.99	399.86	39.225	39.730	38.04	38.53	400.1	1990	113	97.27	-2.82	-0.696	0.8	111115
21	"15:51:03"	119.5	-0.271	0.0292	373	0.0	0.0	0.0	0.0	0.0	0.000	0.000	0.000	-1	0.850	0.850	9	0.850	0.000	0.000	0.000	0.000	0.0	0.5	0.000	1.96	6.06	1.08	1	11.8	45.78	45.57	45.12	400.01	399.87	39.198	39.705	38.00	38.49	400.1	1990	113	97.27	-2.82	-0.696	0.8	111115
22	"15:51:08"	124.5	0.0265	0.0282	358	0.0	0.0	0.0	0.0	0.0	0.000	0.000	0.000	-1	0.850	0.850	9	0.850	0.001	0.000	0.000	0.000	0.0	0.5	0.000	1.89	6.07	1.08	1	11.8	45.79	45.59	45.13	400.01	399.80	39.192	39.682	37.98	38.45	400.1	1990	113	97.26	-2.82	-0.696	0.8	111115
23	"15:51:13"	129.5	-0.0812	0.029	363	0.0	0.0	0.0	0.0	0.0	0.000	0.000	0.000	-1	0.850	0.850	9	0.850	0.001	0.000	0.000	0.000	0.0	0.5	0.000	1.95	6.08	1.08	1	11.8	45.80	45.59	45.14	400.03	399.84	39.168	39.673	37.94	38.43	400.1	1990	114	97.27	-2.82	-0.696	0.5	111115
24	"15:51:18"	134.5	-0.344	0.0282	377	0.0	0.0	0.0	0.0	0.0	0.000	0.000	0.000	-1	0.850	0.850	9	0.850	0.000	0.000	0.000	0.000	0.0	0.5	0.000	1.9	6.1	1.08	1	11.8	45.81	45.63	45.15	399.99	399.88	39.162	39.654	37.91	38.39	400.1	1990	115	97.26	-2.82	-0.696	0.8	111115
25	"15:51:23"	139.5	-0.813	0.0281	403	0.0	0.0	0.0	0.0	0.0	0.000	0.000	0.000	-1	0.850	0.850	9	0.850	0.000	0.000	0.000	0.000	0.0	0.5	0.000	1.89	6.1	1.08	1	11.8	45.82	45.63	45.15	399.86	399.88	39.155	39.646	37.89	38.36	400.1	1990	116	97.26	-2.82	-0.696	0.5	111115
26	"15:51:28"	144.5	-0.822	0.0283	403	0.0	0.0	0.0	0.0	0.0	0.000	0.000	0.000	-1	0.850	0.850	9	0.850	0.000	0.000	0.000	0.000	0.0	0.5	0.000	1.9	6.1	1.08	1	11.8	45.82	45.62	45.16	399.85	399.86	39.145	39.639	37.86	38.34	400.1	1990	112	97.26	-2.82	-0.696	0.5	111115
