"OPEN 5.3.2"
"Mon Jul 11 2011 14:04:22"
"Unit="	"PSC-1512"
"LCF="	"LCF-0428"
"LCFCals="	" -1.94 -2.02-2862.00"
"ComputeList="	"/User/Configs/Comps/Std Flr Comp"
"BLCTable="	"/Sys/Lib/BLCTable_LCF"
"LightSource="	"6400-40 LCF"	1	0.16
"LogFormat="	"/User/Configs/LogFormats/Std Flr Log"
"LogCodes="	-35	-21	-36	30	23	36	-86	-88	-87	-89	-90	4202	4211	4212	4213	4206	4205	-81	4207	4215	4216	4220	4221	-96	4222	4223	21	25	-33	-34	-32	-9	-10	-8	-1	-2	-4	-5	-14	-15	-7	-12	-13	-11	-65	-66	-72	-23
"PromptList="	"/User/Configs/Prompts/Default (none)"
"Stability= (Photo 20s SLP<0.5)(Cond 20s SLP<0.01)(H2OS 20s SLP<1)(F 20s SLP<1)"
"14:04:22 "
$STARTOFDATA$
"Obs"	"HHMMSS"	"FTime"	"Photo"	"Cond"	"Ci"	"Fo"	"Fm"	"Fo'"	"Fm'"	"Fs"	"Fv/Fm"	"Fv'/Fm'"	"PhiPS2"	"Adark"	"RedAbs"	"BlueAbs"	"%Blue"	"LeafAbs"	"PhiCO2"	"qP"	"qN"	"NPQ"	"ParIn@Fs"	"PS2/1"	"ETR"	"Trmmol"	"VpdL"	"Area"	"StmRat"	"BLCond"	"Tair"	"Tleaf"	"TBlk"	"CO2R"	"CO2S"	"H2OR"	"H2OS"	"RH_R"	"RH_S"	"Flow"	"PARi"	"PARo"	"Press"	"CsMch"	"HsMch"	"StableF"	"Status"
1	"14:04:29"	22.0	26.1	0.247	198	0.0	0.0	0.0	0.0	0.0	0.000	0.000	0.000	-1	0.850	0.850	9	0.850	0.017	0.000	0.000	0.000	0.0	0.5	0.000	10.9	4.14	1.08	1	11.8	43.45	41.50	42.98	399.93	391.75	37.166	39.999	40.68	43.78	400.4	1907	101	97.33	-2.53	-0.764	0.2	111115
2	"14:04:34"	27.0	26	0.244	197	0.0	0.0	0.0	0.0	0.0	0.000	0.000	0.000	-1	0.850	0.850	9	0.850	0.016	0.000	0.000	0.000	0.0	0.5	0.000	10.9	4.14	1.08	1	11.8	43.45	41.52	42.98	400.03	391.86	37.190	40.002	40.70	43.78	400.1	1984	101	97.33	-2.53	-0.764	0.2	111115
3	"14:04:39"	32.0	26.6	0.243	192	0.0	0.0	0.0	0.0	0.0	0.000	0.000	0.000	-1	0.850	0.850	9	0.850	0.016	0.000	0.000	0.000	0.0	0.5	0.000	10.8	4.15	1.08	1	11.8	43.45	41.53	42.98	400.12	391.80	37.205	40.002	40.70	43.76	400.4	1991	101	97.32	-2.53	-0.764	0.2	111115
4	"14:04:44"	37.0	25.5	0.243	200	0.0	0.0	0.0	0.0	0.0	0.000	0.000	0.000	-1	0.850	0.850	9	0.850	0.016	0.000	0.000	0.000	0.0	0.5	0.000	10.8	4.15	1.08	1	11.8	43.46	41.55	42.98	399.98	391.96	37.214	40.019	40.70	43.77	400.0	1990	101	97.33	-2.53	-0.764	0.2	111115
5	"14:04:49"	42.5	25	0.243	203	0.0	0.0	0.0	0.0	0.0	0.000	0.000	0.000	-1	0.850	0.850	9	0.850	0.015	0.000	0.000	0.000	0.0	0.5	0.000	10.8	4.16	1.08	1	11.8	43.46	41.56	42.98	400.07	392.16	37.214	40.023	40.70	43.77	400.1	1990	101	97.32	-2.53	-0.764	0.2	111115
6	"14:04:54"	47.5	24.9	0.241	202	0.0	0.0	0.0	0.0	0.0	0.000	0.000	0.000	-1	0.850	0.850	9	0.850	0.015	0.000	0.000	0.000	0.0	0.5	0.000	10.8	4.17	1.08	1	11.8	43.47	41.59	42.99	400.05	392.18	37.230	40.021	40.70	43.76	400.5	1990	102	97.32	-2.53	-0.764	0.5	111115
7	"14:04:59"	52.5	25.1	0.24	200	0.0	0.0	0.0	0.0	0.0	0.000	0.000	0.000	-1	0.850	0.850	9	0.850	0.015	0.000	0.000	0.000	0.0	0.5	0.000	10.8	4.17	1.08	1	11.8	43.47	41.60	42.99	400.23	392.31	37.251	40.036	40.72	43.76	400.1	1990	102	97.32	-2.53	-0.764	0.5	111115
8	"14:05:04"	57.5	24.3	0.24	206	0.0	0.0	0.0	0.0	0.0	0.000	0.000	0.000	-1	0.850	0.850	9	0.850	0.015	0.000	0.000	0.000	0.0	0.5	0.000	10.7	4.18	1.08	1	11.8	43.48	41.62	42.99	400.16	392.47	37.273	40.057	40.73	43.77	400.2	1990	103	97.32	-2.53	-0.764	0.2	111115
9	"14:05:09"	62.5	23.6	0.238	209	0.0	0.0	0.0	0.0	0.0	0.000	0.000	0.000	-1	0.850	0.850	9	0.850	0.015	0.000	0.000	0.000	0.0	0.5	0.000	10.7	4.19	1.08	1	11.8	43.48	41.64	43.00	400.09	392.58	37.290	40.067	40.73	43.77	400.2	1990	103	97.32	-2.53	-0.764	0.2	111115
10	"14:05:14"	67.5	22.5	0.237	216	0.0	0.0	0.0	0.0	0.0	0.000	0.000	0.000	-1	0.850	0.850	9	0.850	0.014	0.000	0.000	0.000	0.0	0.5	0.000	10.7	4.19	1.08	1	11.8	43.49	41.65	43.01	399.87	392.67	37.313	40.077	40.74	43.76	400.2	1990	103	97.33	-2.53	-0.764	0.2	111115
11	"14:05:19"	72.5	23.9	0.237	207	0.0	0.0	0.0	0.0	0.0	0.000	0.000	0.000	-1	0.850	0.850	9	0.850	0.015	0.000	0.000	0.000	0.0	0.5	0.000	10.7	4.2	1.08	1	11.8	43.50	41.67	43.01	400.38	392.78	37.330	40.102	40.75	43.78	400.1	1990	103	97.33	-2.53	-0.764	0.5	111115
12	"14:05:24"	77.5	22.1	0.236	218	0.0	0.0	0.0	0.0	0.0	0.000	0.000	0.000	-1	0.850	0.850	9	0.850	0.014	0.000	0.000	0.000	0.0	0.5	0.000	10.7	4.2	1.08	1	11.8	43.50	41.69	43.02	400.05	392.94	37.353	40.117	40.77	43.79	400.2	1990	103	97.33	-2.53	-0.764	0.5	111115
13	"14:05:29"	82.5	22.7	0.236	214	0.0	0.0	0.0	0.0	0.0	0.000	0.000	0.000	-1	0.850	0.850	9	0.850	0.014	0.000	0.000	0.000	0.0	0.5	0.000	10.6	4.2	1.08	1	11.8	43.51	41.69	43.02	400.23	392.99	37.379	40.137	40.78	43.79	400.2	1990	103	97.33	-2.53	-0.764	0.5	111115
14	"14:05:34"	87.5	21.9	0.236	220	0.0	0.0	0.0	0.0	0.0	0.000	0.000	0.000	-1	0.850	0.850	9	0.850	0.014	0.000	0.000	0.000	0.0	0.5	0.000	10.7	4.2	1.08	1	11.8	43.51	41.70	43.03	400.18	393.13	37.399	40.162	40.79	43.80	400.2	1990	103	97.32	-2.53	-0.764	0.8	111115
15	"14:05:39"	92.5	21.2	0.236	224	0.0	0.0	0.0	0.0	0.0	0.000	0.000	0.000	-1	0.850	0.850	9	0.850	0.013	0.000	0.000	0.000	0.0	0.5	0.000	10.7	4.21	1.08	1	11.8	43.52	41.73	43.03	400.04	393.20	37.426	40.189	40.80	43.82	400.1	1989	104	97.32	-2.53	-0.764	0.5	111115
16	"14:05:44"	97.5	21.3	0.234	222	0.0	0.0	0.0	0.0	0.0	0.000	0.000	0.000	-1	0.850	0.850	9	0.850	0.013	0.000	0.000	0.000	0.0	0.5	0.000	10.6	4.22	1.08	1	11.8	43.53	41.75	43.04	400.06	393.17	37.458	40.205	40.82	43.82	400.2	1989	101	97.32	-2.53	-0.764	0.5	111115
17	"14:05:49"	102.5	21	0.234	224	0.0	0.0	0.0	0.0	0.0	0.000	0.000	0.000	-1	0.850	0.850	9	0.850	0.013	0.000	0.000	0.000	0.0	0.5	0.000	10.6	4.21	1.08	1	11.8	43.54	41.72	43.05	399.88	393.08	37.481	40.224	40.83	43.82	400.2	1992	104	97.32	-2.53	-0.764	0.5	111115
18	"14:05:54"	107.5	21.4	0.237	223	0.0	0.0	0.0	0.0	0.0	0.000	0.000	0.000	-1	0.850	0.850	9	0.850	0.013	0.000	0.000	0.000	0.0	0.5	0.000	10.7	4.22	1.08	1	11.8	43.55	41.77	43.06	400.12	393.20	37.486	40.267	40.82	43.84	400.2	1993	104	97.32	-2.53	-0.764	0.5	111115
19	"14:05:59"	112.5	21.1	0.236	225	0.0	0.0	0.0	0.0	0.0	0.000	0.000	0.000	-1	0.850	0.850	9	0.850	0.013	0.000	0.000	0.000	0.0	0.5	0.000	10.7	4.22	1.08	1	11.8	43.55	41.77	43.06	400.21	393.38	37.509	40.288	40.82	43.85	400.1	1993	104	97.32	-2.53	-0.764	0.5	111115
20	"14:06:04"	117.5	20.5	0.235	228	0.0	0.0	0.0	0.0	0.0	0.000	0.000	0.000	-1	0.850	0.850	9	0.850	0.013	0.000	0.000	0.000	0.0	0.5	0.000	10.7	4.22	1.08	1	11.8	43.56	41.76	43.07	400.06	393.38	37.535	40.299	40.84	43.84	400.2	1993	104	97.32	-2.53	-0.764	0.8	111115
21	"14:06:09"	122.5	20.8	0.234	226	0.0	0.0	0.0	0.0	0.0	0.000	0.000	0.000	-1	0.850	0.850	9	0.850	0.013	0.000	0.000	0.000	0.0	0.5	0.000	10.7	4.23	1.08	1	11.8	43.57	41.80	43.08	400.12	393.38	37.566	40.325	40.85	43.85	400.2	1992	104	97.32	-2.53	-0.764	0.8	111115
22	"14:06:14"	127.5	20.4	0.234	229	0.0	0.0	0.0	0.0	0.0	0.000	0.000	0.000	-1	0.850	0.850	9	0.850	0.013	0.000	0.000	0.000	0.0	0.5	0.000	10.7	4.23	1.08	1	11.8	43.58	41.80	43.08	400.15	393.52	37.577	40.337	40.85	43.85	400.1	1992	105	97.32	-2.53	-0.764	0.5	111115
23	"14:06:19"	132.5	19.4	0.233	235	0.0	0.0	0.0	0.0	0.0	0.000	0.000	0.000	-1	0.850	0.850	9	0.850	0.012	0.000	0.000	0.000	0.0	0.5	0.000	10.6	4.24	1.08	1	11.8	43.58	41.82	43.09	399.92	393.56	37.594	40.343	40.85	43.84	400.2	1992	105	97.32	-2.53	-0.764	0.5	111115
24	"14:06:24"	137.5	21	0.233	224	0.0	0.0	0.0	0.0	0.0	0.000	0.000	0.000	-1	0.850	0.850	9	0.850	0.013	0.000	0.000	0.000	0.0	0.5	0.000	10.6	4.24	1.08	1	11.8	43.59	41.84	43.10	400.30	393.50	37.612	40.359	40.85	43.84	400.1	1992	105	97.32	-2.53	-0.764	0.5	111115
25	"14:06:29"	142.5	19.4	0.231	233	0.0	0.0	0.0	0.0	0.0	0.000	0.000	0.000	-1	0.850	0.850	9	0.850	0.012	0.000	0.000	0.000	0.0	0.5	0.000	10.5	4.25	1.08	1	11.8	43.60	41.85	43.11	399.95	393.58	37.640	40.370	40.87	43.83	400.2	1992	105	97.32	-2.53	-0.764	0.2	111115
26	"14:06:34"	147.5	19.4	0.23	233	0.0	0.0	0.0	0.0	0.0	0.000	0.000	0.000	-1	0.850	0.850	9	0.850	0.012	0.000	0.000	0.000	0.0	0.5	0.000	10.5	4.26	1.08	1	11.8	43.61	41.87	43.11	400.05	393.69	37.665	40.386	40.88	43.83	400.1	1992	105	97.32	-2.53	-0.764	0.5	111115
27	"14:06:39"	152.5	19.8	0.227	229	0.0	0.0	0.0	0.0	0.0	0.000	0.000	0.000	-1	0.850	0.850	9	0.850	0.012	0.000	0.000	0.000	0.0	0.5	0.000	10.4	4.26	1.08	1	11.8	43.62	41.87	43.12	400.07	393.63	37.706	40.393	40.90	43.82	400.2	1992	105	97.32	-2.53	-0.764	0.5	111115
28	"14:06:44"	157.5	19.9	0.227	228	0.0	0.0	0.0	0.0	0.0	0.000	0.000	0.000	-1	0.850	0.850	9	0.850	0.012	0.000	0.000	0.000	0.0	0.5	0.000	10.4	4.26	1.08	1	11.8	43.63	41.89	43.13	400.08	393.61	37.717	40.415	40.89	43.82	400.1	1992	105	97.32	-2.53	-0.764	0.2	111115
29	"14:06:49"	162.5	19.5	0.226	230	0.0	0.0	0.0	0.0	0.0	0.000	0.000	0.000	-1	0.850	0.850	9	0.850	0.012	0.000	0.000	0.000	0.0	0.5	0.000	10.4	4.27	1.08	1	11.8	43.64	41.90	43.14	400.07	393.71	37.734	40.418	40.89	43.80	400.1	1992	105	97.32	-2.53	-0.764	0.5	111115
30	"14:06:54"	167.5	19.3	0.226	231	0.0	0.0	0.0	0.0	0.0	0.000	0.000	0.000	-1	0.850	0.850	9	0.850	0.012	0.000	0.000	0.000	0.0	0.5	0.000	10.4	4.27	1.08	1	11.8	43.65	41.91	43.15	400.00	393.68	37.752	40.437	40.89	43.80	400.2	1992	105	97.32	-2.53	-0.764	0.2	111115
31	"14:06:59"	172.5	19.6	0.225	229	0.0	0.0	0.0	0.0	0.0	0.000	0.000	0.000	-1	0.850	0.850	9	0.850	0.012	0.000	0.000	0.000	0.0	0.5	0.000	10.3	4.28	1.08	1	11.8	43.66	41.93	43.16	399.97	393.59	37.773	40.451	40.89	43.79	400.2	1992	106	97.32	-2.53	-0.764	0.5	111115
32	"14:07:04"	177.5	20.5	0.226	223	0.0	0.0	0.0	0.0	0.0	0.000	0.000	0.000	-1	0.850	0.850	9	0.850	0.013	0.000	0.000	0.000	0.0	0.5	0.000	10.4	4.28	1.08	1	11.8	43.66	41.93	43.17	400.17	393.55	37.776	40.467	40.88	43.79	400.1	1992	105	97.32	-2.53	-0.764	0.5	111115
33	"14:07:10"	182.5	19.9	0.223	225	0.0	0.0	0.0	0.0	0.0	0.000	0.000	0.000	-1	0.850	0.850	9	0.850	0.012	0.000	0.000	0.000	0.0	0.5	0.000	10.3	4.28	1.08	1	11.8	43.67	41.95	43.18	400.00	393.53	37.825	40.481	40.91	43.78	400.1	1992	106	97.32	-2.53	-0.764	0.5	111115
