"OPEN 5.3.2"
"Mon Jul 11 2011 14:50:47"
"Unit="	"PSC-1570"
"LCF="	"LCF-0398"
"LCFCals="	" -1.56 -1.57  0.00"
"ComputeList="	"/User/Configs/Comps/Std Flr Comp"
"BLCTable="	"/Sys/Lib/BLCTable_LCF"
"LightSource="	"6400-40 LCF"	1	0.16
"LogFormat="	"/User/Configs/LogFormats/Std Flr Log"
"LogCodes="	-35	-21	-36	30	23	36	-86	-88	-87	-89	-90	4202	4211	4212	4213	4206	4205	-81	4207	4215	4216	4220	4221	-96	4222	4223	21	25	-33	-34	-32	-9	-10	-8	-1	-2	-4	-5	-14	-15	-7	-12	-13	-11	-65	-66	-72	-23
"PromptList="	"/User/Configs/Prompts/Default (none)"
"Stability= (Photo 20s SLP<0.5)(Cond 20s SLP<0.01)(H2OS 20s SLP<1)(F 20s SLP<1)"
"14:50:47 "
$STARTOFDATA$
"Obs"	"HHMMSS"	"FTime"	"Photo"	"Cond"	"Ci"	"Fo"	"Fm"	"Fo'"	"Fm'"	"Fs"	"Fv/Fm"	"Fv'/Fm'"	"PhiPS2"	"Adark"	"RedAbs"	"BlueAbs"	"%Blue"	"LeafAbs"	"PhiCO2"	"qP"	"qN"	"NPQ"	"ParIn@Fs"	"PS2/1"	"ETR"	"Trmmol"	"VpdL"	"Area"	"StmRat"	"BLCond"	"Tair"	"Tleaf"	"TBlk"	"CO2R"	"CO2S"	"H2OR"	"H2OS"	"RH_R"	"RH_S"	"Flow"	"PARi"	"PARo"	"Press"	"CsMch"	"HsMch"	"StableF"	"Status"
1	"14:50:55"	12.0	-86.8	-0.00867	-1.49E+04	0.0	0.0	0.0	0.0	0.0	0.000	0.000	0.000	-1	0.850	0.850	0	0.850	-0.050	0.000	0.000	0.000	0.0	0.5	0.000	-0.552	5.7	0.48	1	12	45.03	44.65	44.55	399.88	410.34	39.199	39.135	39.05	38.99	399.5	2035	471	96.2	16.2	-0.105	0.5	111115
2	"14:51:00"	17.5	-38.5	0.00426	1.41E+04	0.0	0.0	0.0	0.0	0.0	0.000	0.000	0.000	-1	0.850	0.850	0	0.850	-0.022	0.000	0.000	0.000	0.0	0.5	0.000	0.271	5.71	0.48	1	12	45.06	44.69	44.56	400.29	404.90	39.181	39.212	38.99	39.02	399.5	2003	468	96.2	16.2	-0.105	0.5	111115
3	"14:51:05"	23.0	-20.2	0.00899	3.79E+03	0.0	0.0	0.0	0.0	0.0	0.000	0.000	0.000	-1	0.850	0.850	0	0.850	-0.011	0.000	0.000	0.000	0.0	0.5	0.000	0.574	5.72	0.48	1	12	45.07	44.72	44.57	400.20	402.60	39.188	39.254	38.97	39.03	399.5	2000	464	96.2	16.2	-0.105	0.5	111115
4	"14:51:10"	28.0	-12.3	0.0123	1.88E+03	0.0	0.0	0.0	0.0	0.0	0.000	0.000	0.000	-1	0.850	0.850	0	0.850	-0.007	0.000	0.000	0.000	0.0	0.5	0.000	0.79	5.74	0.48	1	12	45.09	44.75	44.59	400.34	401.77	39.186	39.277	38.94	39.03	399.4	1999	460	96.2	16.2	-0.105	0.5	111115
5	"14:51:15"	33.0	-8.44	0.0149	1.23E+03	0.0	0.0	0.0	0.0	0.0	0.000	0.000	0.000	-1	0.850	0.850	0	0.850	-0.004	0.000	0.000	0.000	0.0	0.5	0.000	0.953	5.74	0.48	1	12	45.10	44.77	44.60	400.25	401.22	39.191	39.301	38.91	39.02	399.4	1999	447	96.2	16.2	-0.105	0.5	111115
6	"14:51:21"	38.5	-4.8	0.0148	857	0.0	0.0	0.0	0.0	0.0	0.000	0.000	0.000	-1	0.850	0.850	0	0.850	-0.002	0.000	0.000	0.000	0.0	0.5	0.000	0.948	5.76	0.48	1	12	45.12	44.79	44.61	400.36	400.89	39.194	39.303	38.88	38.99	399.4	1999	450	96.2	16.2	-0.105	0.5	111115
7	"14:51:26"	43.5	-6.07	0.017	905	0.0	0.0	0.0	0.0	0.0	0.000	0.000	0.000	-1	0.850	0.850	0	0.850	-0.003	0.000	0.000	0.000	0.0	0.5	0.000	1.09	5.76	0.48	1	12	45.13	44.81	44.63	400.17	400.85	39.185	39.311	38.85	38.97	399.4	1999	448	96.2	16.2	-0.105	0.5	111115
8	"14:51:31"	49.0	-4.88	0.0169	802	0.0	0.0	0.0	0.0	0.0	0.000	0.000	0.000	-1	0.850	0.850	0	0.850	-0.002	0.000	0.000	0.000	0.0	0.5	0.000	1.09	5.78	0.48	1	12	45.15	44.84	44.64	400.17	400.70	39.188	39.314	38.82	38.94	399.4	1999	437	96.2	16.2	-0.105	0.8	111115
9	"14:51:36"	54.0	-4.57	0.0182	744	0.0	0.0	0.0	0.0	0.0	0.000	0.000	0.000	-1	0.850	0.850	0	0.850	-0.002	0.000	0.000	0.000	0.0	0.5	0.000	1.18	5.79	0.48	1	12	45.16	44.87	44.65	400.21	400.70	39.176	39.312	38.78	38.91	399.5	1998	428	96.2	16.2	-0.105	0.8	111115
10	"14:51:41"	59.0	-4.46	0.0173	753	0.0	0.0	0.0	0.0	0.0	0.000	0.000	0.000	-1	0.850	0.850	0	0.850	-0.002	0.000	0.000	0.000	0.0	0.5	0.000	1.12	5.8	0.48	1	12	45.18	44.89	44.67	400.19	400.68	39.193	39.322	38.76	38.89	399.5	1998	423	96.2	16.2	-0.105	0.5	111115
11	"14:51:46"	64.0	-3.67	0.0183	666	0.0	0.0	0.0	0.0	0.0	0.000	0.000	0.000	-1	0.850	0.850	0	0.850	-0.002	0.000	0.000	0.000	0.0	0.5	0.000	1.19	5.81	0.48	1	12	45.19	44.91	44.68	400.28	400.66	39.183	39.320	38.72	38.86	399.4	1998	416	96.2	16.2	-0.105	0.8	111115
12	"14:51:51"	69.0	-3.65	0.0174	680	0.0	0.0	0.0	0.0	0.0	0.000	0.000	0.000	-1	0.850	0.850	0	0.850	-0.002	0.000	0.000	0.000	0.0	0.5	0.000	1.13	5.81	0.48	1	12	45.21	44.91	44.69	400.21	400.60	39.193	39.323	38.70	38.83	399.4	1998	408	96.2	16.2	-0.105	0.8	111115
13	"14:51:56"	74.0	-3.82	0.0174	695	0.0	0.0	0.0	0.0	0.0	0.000	0.000	0.000	-1	0.850	0.850	0	0.850	-0.002	0.000	0.000	0.000	0.0	0.5	0.000	1.13	5.83	0.48	1	12	45.22	44.94	44.71	400.17	400.58	39.184	39.315	38.66	38.79	399.4	2001	401	96.2	16.2	-0.105	0.8	111115
14	"14:52:01"	79.0	-4.83	0.0181	768	0.0	0.0	0.0	0.0	0.0	0.000	0.000	0.000	-1	0.850	0.850	0	0.850	-0.002	0.000	0.000	0.000	0.0	0.5	0.000	1.18	5.84	0.48	1	12	45.24	44.96	44.72	400.02	400.55	39.179	39.315	38.63	38.76	399.4	2001	398	96.2	16.2	-0.105	0.8	111115
15	"14:52:06"	84.0	-4.18	0.0159	762	0.0	0.0	0.0	0.0	0.0	0.000	0.000	0.000	-1	0.850	0.850	0	0.850	-0.002	0.000	0.000	0.000	0.0	0.5	0.000	1.04	5.85	0.48	1	12	45.25	44.99	44.73	400.05	400.50	39.195	39.314	38.62	38.74	399.4	2001	397	96.2	16.2	-0.105	0.8	111115
16	"14:52:11"	89.0	-1.89	0.0174	526	0.0	0.0	0.0	0.0	0.0	0.000	0.000	0.000	-1	0.850	0.850	0	0.850	-0.001	0.000	0.000	0.000	0.0	0.5	0.000	1.14	5.86	0.48	1	12	45.27	45.00	44.75	400.25	400.43	39.185	39.316	38.58	38.71	399.4	2000	398	96.2	16.2	-0.105	0.8	111115
17	"14:52:16"	94.0	-3.61	0.0157	710	0.0	0.0	0.0	0.0	0.0	0.000	0.000	0.000	-1	0.850	0.850	0	0.850	-0.002	0.000	0.000	0.000	0.0	0.5	0.000	1.03	5.87	0.48	1	12	45.28	45.04	44.76	400.06	400.44	39.198	39.317	38.56	38.68	399.4	2000	400	96.2	16.2	-0.105	0.8	111115
18	"14:52:21"	99.0	-2.81	0.0164	620	0.0	0.0	0.0	0.0	0.0	0.000	0.000	0.000	-1	0.850	0.850	0	0.850	-0.001	0.000	0.000	0.000	0.0	0.5	0.000	1.08	5.88	0.48	1	12	45.29	45.04	44.77	400.13	400.41	39.203	39.327	38.54	38.66	399.4	2000	403	96.2	16.2	-0.105	0.8	111115
19	"14:52:26"	104.0	-3.83	0.0182	680	0.0	0.0	0.0	0.0	0.0	0.000	0.000	0.000	-1	0.850	0.850	0	0.850	-0.002	0.000	0.000	0.000	0.0	0.5	0.000	1.2	5.89	0.48	1	12	45.31	45.07	44.79	400.02	400.42	39.185	39.323	38.49	38.63	399.4	1999	407	96.2	16.2	-0.105	0.8	111115
20	"14:52:31"	109.0	-3.53	0.0173	671	0.0	0.0	0.0	0.0	0.0	0.000	0.000	0.000	-1	0.850	0.850	0	0.850	-0.001	0.000	0.000	0.000	0.0	0.5	0.000	1.14	5.9	0.48	1	12	45.32	45.09	44.80	399.99	400.36	39.189	39.320	38.46	38.59	399.4	1999	405	96.2	16.2	-0.105	0.8	111115
21	"14:52:36"	114.0	-5.07	0.0169	818	0.0	0.0	0.0	0.0	0.0	0.000	0.000	0.000	-1	0.850	0.850	0	0.850	-0.002	0.000	0.000	0.000	0.0	0.5	0.000	1.11	5.91	0.48	1	12	45.34	45.11	44.81	399.85	400.41	39.207	39.335	38.45	38.58	399.3	1999	419	96.2	16.2	-0.105	0.8	111115
22	"14:52:41"	119.0	-2.97	0.0168	628	0.0	0.0	0.0	0.0	0.0	0.000	0.000	0.000	-1	0.850	0.850	0	0.850	-0.001	0.000	0.000	0.000	0.0	0.5	0.000	1.11	5.93	0.48	1	12	45.35	45.15	44.83	400.00	400.30	39.212	39.340	38.43	38.56	399.4	1998	413	96.2	16.2	-0.105	0.8	111115
23	"14:52:46"	124.0	-3.62	0.0159	706	0.0	0.0	0.0	0.0	0.0	0.000	0.000	0.000	-1	0.850	0.850	0	0.850	-0.002	0.000	0.000	0.000	0.0	0.5	0.000	1.06	5.94	0.48	1	12	45.37	45.17	44.84	399.99	400.38	39.220	39.342	38.41	38.53	399.5	1998	413	96.2	16.2	-0.105	1.0	111115
24	"14:52:51"	129.0	-4.58	0.0159	799	0.0	0.0	0.0	0.0	0.0	0.000	0.000	0.000	-1	0.850	0.850	0	0.850	-0.002	0.000	0.000	0.000	0.0	0.5	0.000	1.05	5.94	0.48	1	12	45.38	45.18	44.85	399.85	400.35	39.218	39.340	38.38	38.50	399.5	2002	415	96.2	16.2	-0.105	0.8	111115
25	"14:52:56"	134.0	-3.71	0.0163	706	0.0	0.0	0.0	0.0	0.0	0.000	0.000	0.000	-1	0.850	0.850	0	0.850	-0.002	0.000	0.000	0.000	0.0	0.5	0.000	1.08	5.96	0.48	1	12	45.40	45.22	44.87	399.94	400.33	39.226	39.351	38.35	38.48	399.4	2001	414	96.2	16.2	-0.105	1.0	111115
26	"14:53:01"	139.0	-4.46	0.0162	779	0.0	0.0	0.0	0.0	0.0	0.000	0.000	0.000	-1	0.850	0.850	0	0.850	-0.002	0.000	0.000	0.000	0.0	0.5	0.000	1.08	5.97	0.48	1	12	45.41	45.24	44.88	399.80	400.29	39.226	39.351	38.32	38.44	399.5	2001	409	96.2	16.2	-0.105	0.8	111115
27	"14:53:06"	144.0	-4.9	0.016	827	0.0	0.0	0.0	0.0	0.0	0.000	0.000	0.000	-1	0.850	0.850	0	0.850	-0.002	0.000	0.000	0.000	0.0	0.5	0.000	1.07	5.98	0.48	1	12	45.43	45.25	44.90	399.72	400.26	39.228	39.351	38.30	38.42	399.5	2001	408	96.2	16.2	-0.105	1.0	111115
28	"14:53:11"	149.0	-2.42	0.0181	563	0.0	0.0	0.0	0.0	0.0	0.000	0.000	0.000	-1	0.850	0.850	0	0.850	-0.001	0.000	0.000	0.000	0.0	0.5	0.000	1.21	5.99	0.48	1	12	45.44	45.27	44.91	399.89	400.12	39.214	39.354	38.25	38.39	399.4	2000	411	96.2	16.2	-0.105	0.8	111115
29	"14:53:16"	154.0	-3.21	0.0198	607	0.0	0.0	0.0	0.0	0.0	0.000	0.000	0.000	-1	0.850	0.850	0	0.850	-0.001	0.000	0.000	0.000	0.0	0.5	0.000	1.32	6	0.48	1	12	45.46	45.30	44.92	399.81	400.13	39.211	39.364	38.22	38.37	399.4	2000	422	96.2	16.2	-0.105	0.8	111115
30	"14:53:21"	159.0	-3.4	0.0173	658	0.0	0.0	0.0	0.0	0.0	0.000	0.000	0.000	-1	0.850	0.850	0	0.850	-0.001	0.000	0.000	0.000	0.0	0.5	0.000	1.16	6	0.48	1	12	45.48	45.30	44.94	399.74	400.10	39.228	39.362	38.20	38.34	399.4	2000	434	96.2	16.2	-0.105	0.8	111115
