"OPEN 5.3.2"
"Mon Jul 11 2011 14:59:59"
"Unit="	"PSC-1570"
"LCF="	"LCF-0398"
"LCFCals="	" -1.56 -1.57  0.00"
"ComputeList="	"/User/Configs/Comps/Std Flr Comp"
"BLCTable="	"/Sys/Lib/BLCTable_LCF"
"LightSource="	"6400-40 LCF"	1	0.16
"LogFormat="	"/User/Configs/LogFormats/Std Flr Log"
"LogCodes="	-35	-21	-36	30	23	36	-86	-88	-87	-89	-90	4202	4211	4212	4213	4206	4205	-81	4207	4215	4216	4220	4221	-96	4222	4223	21	25	-33	-34	-32	-9	-10	-8	-1	-2	-4	-5	-14	-15	-7	-12	-13	-11	-65	-66	-72	-23
"PromptList="	"/User/Configs/Prompts/Default (none)"
"Stability= (Photo 20s SLP<0.5)(Cond 20s SLP<0.01)(H2OS 20s SLP<1)(F 20s SLP<1)"
"15:00:00 "
$STARTOFDATA$
"Obs"	"HHMMSS"	"FTime"	"Photo"	"Cond"	"Ci"	"Fo"	"Fm"	"Fo'"	"Fm'"	"Fs"	"Fv/Fm"	"Fv'/Fm'"	"PhiPS2"	"Adark"	"RedAbs"	"BlueAbs"	"%Blue"	"LeafAbs"	"PhiCO2"	"qP"	"qN"	"NPQ"	"ParIn@Fs"	"PS2/1"	"ETR"	"Trmmol"	"VpdL"	"Area"	"StmRat"	"BLCond"	"Tair"	"Tleaf"	"TBlk"	"CO2R"	"CO2S"	"H2OR"	"H2OS"	"RH_R"	"RH_S"	"Flow"	"PARi"	"PARo"	"Press"	"CsMch"	"HsMch"	"StableF"	"Status"
1	"15:00:06"	12.5	-6.64	0.171	424	0.0	0.0	0.0	0.0	0.0	0.000	0.000	0.000	-1	0.850	0.850	0	0.850	-0.003	0.000	0.000	0.000	0.0	0.5	0.000	10.1	5.36	1.22	1	11.4	45.94	43.98	45.67	399.60	400.40	36.386	39.332	34.60	37.41	400.0	2063	155	96.2	16.2	-0.105	0.2	111115
2	"15:00:12"	18.0	11.3	0.17	256	0.0	0.0	0.0	0.0	0.0	0.000	0.000	0.000	-1	0.850	0.850	0	0.850	0.007	0.000	0.000	0.000	0.0	0.5	0.000	10	5.39	1.22	1	11.4	45.94	44.03	45.67	399.95	395.29	36.372	39.311	34.58	37.38	399.9	2004	155	96.2	16.2	-0.105	0.2	111115
3	"15:00:17"	23.0	16.8	0.168	203	0.0	0.0	0.0	0.0	0.0	0.000	0.000	0.000	-1	0.850	0.850	0	0.850	0.010	0.000	0.000	0.000	0.0	0.5	0.000	9.96	5.39	1.22	1	11.4	45.95	44.04	45.66	399.73	393.42	36.354	39.273	34.56	37.34	399.9	2001	154	96.2	16.2	-0.105	0.2	111115
4	"15:00:22"	28.5	20.1	0.166	170	0.0	0.0	0.0	0.0	0.0	0.000	0.000	0.000	-1	0.850	0.850	0	0.850	0.012	0.000	0.000	0.000	0.0	0.5	0.000	9.87	5.41	1.22	1	11.4	45.95	44.07	45.66	399.66	392.36	36.339	39.233	34.54	37.29	399.9	2001	156	96.2	16.2	-0.105	0.2	111115
5	"15:00:28"	33.5	21.1	0.165	159	0.0	0.0	0.0	0.0	0.0	0.000	0.000	0.000	-1	0.850	0.850	0	0.850	0.013	0.000	0.000	0.000	0.0	0.5	0.000	9.86	5.43	1.22	1	11.4	45.95	44.11	45.66	399.60	391.99	36.308	39.199	34.50	37.25	399.9	2001	158	96.2	16.2	-0.105	0.2	111115
6	"15:00:33"	39.0	22.5	0.163	143	0.0	0.0	0.0	0.0	0.0	0.000	0.000	0.000	-1	0.850	0.850	0	0.850	0.014	0.000	0.000	0.000	0.0	0.5	0.000	9.74	5.44	1.22	1	11.4	45.96	44.12	45.66	399.97	391.96	36.311	39.167	34.50	37.21	399.9	2001	157	96.2	16.2	-0.105	0.2	111115
7	"15:00:38"	44.5	22.6	0.163	141	0.0	0.0	0.0	0.0	0.0	0.000	0.000	0.000	-1	0.850	0.850	0	0.850	0.014	0.000	0.000	0.000	0.0	0.5	0.000	9.76	5.46	1.22	1	11.4	45.96	44.14	45.67	399.87	391.81	36.283	39.146	34.47	37.19	399.9	2000	156	96.2	16.2	-0.105	0.2	111115
8	"15:00:44"	50.0	21.6	0.161	148	0.0	0.0	0.0	0.0	0.0	0.000	0.000	0.000	-1	0.850	0.850	0	0.850	0.013	0.000	0.000	0.000	0.0	0.5	0.000	9.67	5.46	1.22	1	11.4	45.96	44.16	45.67	399.70	391.95	36.287	39.121	34.47	37.16	399.8	2000	156	96.2	16.2	-0.105	0.2	111115
9	"15:00:49"	55.5	22	0.162	145	0.0	0.0	0.0	0.0	0.0	0.000	0.000	0.000	-1	0.850	0.850	0	0.850	0.014	0.000	0.000	0.000	0.0	0.5	0.000	9.72	5.47	1.22	1	11.4	45.97	44.17	45.67	399.66	391.79	36.267	39.118	34.44	37.15	399.9	2000	157	96.2	16.2	-0.105	0.2	111115
10	"15:00:54"	60.5	22	0.162	145	0.0	0.0	0.0	0.0	0.0	0.000	0.000	0.000	-1	0.850	0.850	0	0.850	0.014	0.000	0.000	0.000	0.0	0.5	0.000	9.72	5.47	1.22	1	11.4	45.97	44.17	45.67	399.83	391.96	36.261	39.110	34.43	37.13	399.9	2000	157	96.2	16.2	-0.105	0.8	111115
11	"15:01:00"	66.0	21.2	0.161	153	0.0	0.0	0.0	0.0	0.0	0.000	0.000	0.000	-1	0.850	0.850	0	0.850	0.013	0.000	0.000	0.000	0.0	0.5	0.000	9.69	5.47	1.22	1	11.4	45.97	44.17	45.68	399.51	391.90	36.260	39.100	34.42	37.12	399.9	2000	156	96.2	16.2	-0.105	0.5	111115
12	"15:01:05"	71.5	22.4	0.161	141	0.0	0.0	0.0	0.0	0.0	0.000	0.000	0.000	-1	0.850	0.850	0	0.850	0.014	0.000	0.000	0.000	0.0	0.5	0.000	9.71	5.48	1.22	1	11.4	45.98	44.18	45.68	399.83	391.84	36.249	39.096	34.40	37.10	399.8	2000	156	96.2	16.2	-0.105	0.5	111115
13	"15:01:11"	77.0	21	0.162	155	0.0	0.0	0.0	0.0	0.0	0.000	0.000	0.000	-1	0.850	0.850	0	0.850	0.013	0.000	0.000	0.000	0.0	0.5	0.000	9.73	5.47	1.22	1	11.4	45.98	44.17	45.68	399.52	391.96	36.243	39.097	34.39	37.10	399.9	2000	161	96.2	16.2	-0.105	0.8	111115
14	"15:01:16"	82.0	21.9	0.162	147	0.0	0.0	0.0	0.0	0.0	0.000	0.000	0.000	-1	0.850	0.850	0	0.850	0.013	0.000	0.000	0.000	0.0	0.5	0.000	9.73	5.47	1.22	1	11.4	45.99	44.17	45.68	399.73	391.89	36.241	39.093	34.38	37.09	399.9	2000	157	96.2	16.2	-0.105	0.5	111115
15	"15:01:22"	88.0	21.3	0.162	153	0.0	0.0	0.0	0.0	0.0	0.000	0.000	0.000	-1	0.850	0.850	0	0.850	0.013	0.000	0.000	0.000	0.0	0.5	0.000	9.77	5.48	1.22	1	11.4	45.99	44.18	45.68	399.50	391.84	36.236	39.101	34.37	37.09	399.9	1999	157	96.2	16.2	-0.105	0.5	111115
16	"15:01:27"	93.5	21.8	0.163	149	0.0	0.0	0.0	0.0	0.0	0.000	0.000	0.000	-1	0.850	0.850	0	0.850	0.013	0.000	0.000	0.000	0.0	0.5	0.000	9.81	5.48	1.22	1	11.4	46.00	44.19	45.69	399.74	391.91	36.232	39.108	34.36	37.09	399.8	1999	156	96.2	16.2	-0.105	0.5	111115
17	"15:01:32"	98.5	22.3	0.163	143	0.0	0.0	0.0	0.0	0.0	0.000	0.000	0.000	-1	0.850	0.850	0	0.850	0.014	0.000	0.000	0.000	0.0	0.5	0.000	9.8	5.48	1.22	1	11.4	46.00	44.19	45.69	399.75	391.77	36.237	39.109	34.35	37.08	399.9	1999	156	96.2	16.2	-0.105	0.5	111115
18	"15:01:37"	103.5	21.1	0.164	157	0.0	0.0	0.0	0.0	0.0	0.000	0.000	0.000	-1	0.850	0.850	0	0.850	0.013	0.000	0.000	0.000	0.0	0.5	0.000	9.89	5.48	1.22	1	11.4	46.00	44.20	45.70	399.40	391.78	36.216	39.117	34.33	37.08	399.8	1999	156	96.2	16.2	-0.105	0.5	111115
19	"15:01:42"	108.5	22.3	0.164	146	0.0	0.0	0.0	0.0	0.0	0.000	0.000	0.000	-1	0.850	0.850	0	0.850	0.014	0.000	0.000	0.000	0.0	0.5	0.000	9.88	5.48	1.22	1	11.4	46.01	44.19	45.70	399.73	391.76	36.216	39.111	34.32	37.06	399.9	1999	156	96.2	16.2	-0.105	0.8	111115
20	"15:01:47"	113.5	21.5	0.165	154	0.0	0.0	0.0	0.0	0.0	0.000	0.000	0.000	-1	0.850	0.850	0	0.850	0.013	0.000	0.000	0.000	0.0	0.5	0.000	9.93	5.48	1.22	1	11.4	46.01	44.20	45.70	399.52	391.79	36.213	39.124	34.31	37.07	399.8	1999	156	96.2	16.2	-0.105	0.8	111115
21	"15:01:52"	118.5	22.2	0.164	147	0.0	0.0	0.0	0.0	0.0	0.000	0.000	0.000	-1	0.850	0.850	0	0.850	0.014	0.000	0.000	0.000	0.0	0.5	0.000	9.91	5.48	1.22	1	11.4	46.02	44.20	45.71	399.75	391.80	36.226	39.131	34.31	37.06	399.8	1999	156	96.2	16.2	-0.105	0.8	111115
22	"15:01:57"	123.5	21.5	0.164	153	0.0	0.0	0.0	0.0	0.0	0.000	0.000	0.000	-1	0.850	0.850	0	0.850	0.013	0.000	0.000	0.000	0.0	0.5	0.000	9.89	5.49	1.22	1	11.4	46.02	44.21	45.71	399.52	391.79	36.233	39.133	34.31	37.05	399.9	1998	156	96.2	16.2	-0.105	0.5	111115
23	"15:02:02"	128.5	21.5	0.165	153	0.0	0.0	0.0	0.0	0.0	0.000	0.000	0.000	-1	0.850	0.850	0	0.850	0.013	0.000	0.000	0.000	0.0	0.5	0.000	9.93	5.49	1.22	1	11.4	46.03	44.21	45.71	399.46	391.70	36.237	39.149	34.30	37.06	399.9	1998	156	96.2	16.2	-0.105	0.8	111115
24	"15:02:07"	133.5	21.9	0.165	150	0.0	0.0	0.0	0.0	0.0	0.000	0.000	0.000	-1	0.850	0.850	0	0.850	0.013	0.000	0.000	0.000	0.0	0.5	0.000	9.96	5.49	1.22	1	11.4	46.03	44.21	45.72	399.47	391.60	36.229	39.148	34.29	37.05	399.8	1998	155	96.2	16.2	-0.105	1.0	111115
25	"15:02:12"	138.5	21.8	0.166	152	0.0	0.0	0.0	0.0	0.0	0.000	0.000	0.000	-1	0.850	0.850	0	0.850	0.013	0.000	0.000	0.000	0.0	0.5	0.000	9.98	5.49	1.22	1	11.4	46.04	44.21	45.73	399.40	391.55	36.233	39.159	34.28	37.05	399.8	1998	156	96.2	16.2	-0.105	0.8	111115
26	"15:02:17"	143.5	22.3	0.165	147	0.0	0.0	0.0	0.0	0.0	0.000	0.000	0.000	-1	0.850	0.850	0	0.850	0.014	0.000	0.000	0.000	0.0	0.5	0.000	9.95	5.48	1.22	1	11.4	46.05	44.21	45.73	399.54	391.56	36.245	39.163	34.28	37.04	399.8	1998	155	96.2	16.2	-0.105	0.5	111115
27	"15:02:22"	148.5	22.3	0.165	147	0.0	0.0	0.0	0.0	0.0	0.000	0.000	0.000	-1	0.850	0.850	0	0.850	0.014	0.000	0.000	0.000	0.0	0.5	0.000	9.98	5.49	1.22	1	11.4	46.05	44.22	45.73	399.58	391.60	36.253	39.179	34.28	37.05	399.8	1998	153	96.2	16.2	-0.105	0.5	111115
