"OPEN 5.3.2"
"Mon Jul 11 2011 13:54:46"
"Unit="	"PSC-1570"
"LCF="	"LCF-0398"
"LCFCals="	" -1.56 -1.57  0.00"
"ComputeList="	"/User/Configs/Comps/Std Flr Comp"
"BLCTable="	"/Sys/Lib/BLCTable_LCF"
"LightSource="	"6400-40 LCF"	1	0.16
"LogFormat="	"/User/Configs/LogFormats/Std Flr Log"
"LogCodes="	-35	-21	-36	30	23	36	-86	-88	-87	-89	-90	4202	4211	4212	4213	4206	4205	-81	4207	4215	4216	4220	4221	-96	4222	4223	21	25	-33	-34	-32	-9	-10	-8	-1	-2	-4	-5	-14	-15	-7	-12	-13	-11	-65	-66	-72	-23
"PromptList="	"/User/Configs/Prompts/Default (none)"
"Stability= (Photo 20s SLP<0.5)(Cond 20s SLP<0.01)(H2OS 20s SLP<1)(F 20s SLP<1)"
"13:54:47 "
$STARTOFDATA$
"Obs"	"HHMMSS"	"FTime"	"Photo"	"Cond"	"Ci"	"Fo"	"Fm"	"Fo'"	"Fm'"	"Fs"	"Fv/Fm"	"Fv'/Fm'"	"PhiPS2"	"Adark"	"RedAbs"	"BlueAbs"	"%Blue"	"LeafAbs"	"PhiCO2"	"qP"	"qN"	"NPQ"	"ParIn@Fs"	"PS2/1"	"ETR"	"Trmmol"	"VpdL"	"Area"	"StmRat"	"BLCond"	"Tair"	"Tleaf"	"TBlk"	"CO2R"	"CO2S"	"H2OR"	"H2OS"	"RH_R"	"RH_S"	"Flow"	"PARi"	"PARo"	"Press"	"CsMch"	"HsMch"	"StableF"	"Status"
1	"13:54:55"	16.5	16.7	0.0668	-25.6	0.0	0.0	0.0	0.0	0.0	0.000	0.000	0.000	-1	0.850	0.850	0	0.850	0.010	0.000	0.000	0.000	0.0	0.5	0.000	4.12	5.55	0.94	1	12	45.42	44.79	45.11	399.44	395.13	40.431	41.359	39.50	40.40	400.7	2051	229	96.2	15.1	-0.0801	0.2	111115
2	"13:55:01"	22.0	12.5	0.0715	90.5	0.0	0.0	0.0	0.0	0.0	0.000	0.000	0.000	-1	0.850	0.850	0	0.850	0.008	0.000	0.000	0.000	0.0	0.5	0.000	4.42	5.56	0.94	1	12	45.44	44.81	45.12	399.39	396.04	40.431	41.424	39.45	40.42	400.7	2003	232	96.2	15.1	-0.0801	0.2	111115
3	"13:55:06"	27.5	10.9	0.0742	133	0.0	0.0	0.0	0.0	0.0	0.000	0.000	0.000	-1	0.850	0.850	0	0.850	0.007	0.000	0.000	0.000	0.0	0.5	0.000	4.58	5.56	0.94	1	12	45.46	44.81	45.14	399.39	396.40	40.437	41.467	39.41	40.41	400.7	1999	230	96.2	15.1	-0.0801	0.2	111115
4	"13:55:11"	33.0	10.4	0.076	150	0.0	0.0	0.0	0.0	0.0	0.000	0.000	0.000	-1	0.850	0.850	0	0.850	0.007	0.000	0.000	0.000	0.0	0.5	0.000	4.7	5.56	0.94	1	12	45.48	44.83	45.16	399.43	396.56	40.430	41.486	39.36	40.39	400.7	2000	224	96.2	15.1	-0.0801	0.2	111115
5	"13:55:17"	38.5	9.96	0.0764	159	0.0	0.0	0.0	0.0	0.0	0.000	0.000	0.000	-1	0.850	0.850	0	0.850	0.006	0.000	0.000	0.000	0.0	0.5	0.000	4.72	5.56	0.94	1	12	45.50	44.83	45.17	399.43	396.65	40.435	41.497	39.33	40.36	400.7	2000	234	96.2	15.1	-0.0801	0.2	111115
6	"13:55:22"	43.5	9.5	0.0773	171	0.0	0.0	0.0	0.0	0.0	0.000	0.000	0.000	-1	0.850	0.850	0	0.850	0.006	0.000	0.000	0.000	0.0	0.5	0.000	4.78	5.56	0.94	1	12	45.52	44.84	45.19	399.42	396.75	40.441	41.516	39.30	40.34	400.7	1999	235	96.2	15.1	-0.0801	0.2	111115
7	"13:55:27"	49.0	9.23	0.0772	176	0.0	0.0	0.0	0.0	0.0	0.000	0.000	0.000	-1	0.850	0.850	0	0.850	0.006	0.000	0.000	0.000	0.0	0.5	0.000	4.77	5.56	0.94	1	12	45.54	44.82	45.21	399.32	396.71	40.443	41.515	39.27	40.31	400.7	1999	235	96.2	15.1	-0.0801	0.2	111115
8	"13:55:33"	54.5	9.07	0.0781	181	0.0	0.0	0.0	0.0	0.0	0.000	0.000	0.000	-1	0.850	0.850	0	0.850	0.006	0.000	0.000	0.000	0.0	0.5	0.000	4.83	5.56	0.94	1	12	45.56	44.84	45.23	399.36	396.79	40.437	41.522	39.22	40.27	400.7	1999	235	96.2	15.1	-0.0801	0.5	111115
9	"13:55:38"	60.0	9.79	0.0772	165	0.0	0.0	0.0	0.0	0.0	0.000	0.000	0.000	-1	0.850	0.850	0	0.850	0.006	0.000	0.000	0.000	0.0	0.5	0.000	4.77	5.56	0.94	1	12	45.57	44.83	45.24	399.47	396.73	40.441	41.513	39.19	40.23	400.7	1999	234	96.2	15.1	-0.0801	0.5	111115
10	"13:55:44"	65.0	8.56	0.0788	193	0.0	0.0	0.0	0.0	0.0	0.000	0.000	0.000	-1	0.850	0.850	0	0.850	0.006	0.000	0.000	0.000	0.0	0.5	0.000	4.87	5.56	0.94	1	12	45.59	44.83	45.26	399.20	396.73	40.430	41.525	39.14	40.20	400.7	1999	235	96.2	15.1	-0.0801	0.5	111115
11	"13:55:49"	70.5	9.97	0.0781	163	0.0	0.0	0.0	0.0	0.0	0.000	0.000	0.000	-1	0.850	0.850	0	0.850	0.006	0.000	0.000	0.000	0.0	0.5	0.000	4.83	5.57	0.94	1	12	45.61	44.85	45.28	399.52	396.73	40.432	41.518	39.11	40.16	400.7	1998	234	96.2	15.1	-0.0801	0.8	111115
12	"13:55:54"	75.5	8.7	0.0773	187	0.0	0.0	0.0	0.0	0.0	0.000	0.000	0.000	-1	0.850	0.850	0	0.850	0.006	0.000	0.000	0.000	0.0	0.5	0.000	4.78	5.57	0.94	1	12	45.63	44.85	45.29	399.26	396.78	40.447	41.522	39.09	40.13	400.7	2001	235	96.2	15.1	-0.0801	0.5	111115
13	"13:56:00"	81.0	8.51	0.0782	192	0.0	0.0	0.0	0.0	0.0	0.000	0.000	0.000	-1	0.850	0.850	0	0.850	0.006	0.000	0.000	0.000	0.0	0.5	0.000	4.85	5.58	0.94	1	12	45.64	44.88	45.31	399.11	396.66	40.434	41.525	39.04	40.10	400.7	2001	235	96.2	15.1	-0.0801	0.8	111115
14	"13:56:05"	86.5	8.96	0.0776	182	0.0	0.0	0.0	0.0	0.0	0.000	0.000	0.000	-1	0.850	0.850	0	0.850	0.006	0.000	0.000	0.000	0.0	0.5	0.000	4.82	5.59	0.94	1	12	45.66	44.89	45.33	399.24	396.68	40.441	41.524	39.01	40.06	400.7	2000	235	96.2	15.1	-0.0801	0.5	111115
15	"13:56:10"	91.5	9.06	0.0784	182	0.0	0.0	0.0	0.0	0.0	0.000	0.000	0.000	-1	0.850	0.850	0	0.850	0.006	0.000	0.000	0.000	0.0	0.5	0.000	4.87	5.59	0.94	1	12	45.68	44.90	45.34	399.33	396.76	40.431	41.527	38.97	40.03	400.7	2000	235	96.2	15.1	-0.0801	0.5	111115
16	"13:56:15"	96.5	9.15	0.0769	176	0.0	0.0	0.0	0.0	0.0	0.000	0.000	0.000	-1	0.850	0.850	0	0.850	0.006	0.000	0.000	0.000	0.0	0.5	0.000	4.79	5.6	0.94	1	12	45.69	44.91	45.36	399.25	396.65	40.437	41.513	38.94	39.98	400.7	2000	236	96.2	15.1	-0.0801	0.5	111115
17	"13:56:21"	102.5	8.89	0.0779	184	0.0	0.0	0.0	0.0	0.0	0.000	0.000	0.000	-1	0.850	0.850	0	0.850	0.006	0.000	0.000	0.000	0.0	0.5	0.000	4.85	5.61	0.94	1	12	45.72	44.93	45.38	399.19	396.66	40.436	41.528	38.90	39.95	400.7	1999	224	96.2	15.1	-0.0801	0.5	111115
18	"13:56:26"	108.0	8.53	0.0776	191	0.0	0.0	0.0	0.0	0.0	0.000	0.000	0.000	-1	0.850	0.850	0	0.850	0.006	0.000	0.000	0.000	0.0	0.5	0.000	4.84	5.61	0.94	1	12	45.74	44.94	45.39	399.11	396.66	40.441	41.530	38.87	39.91	400.7	1999	222	96.2	15.1	-0.0801	0.8	111115
19	"13:56:31"	113.0	9.96	0.0776	162	0.0	0.0	0.0	0.0	0.0	0.000	0.000	0.000	-1	0.850	0.850	0	0.850	0.006	0.000	0.000	0.000	0.0	0.5	0.000	4.85	5.62	0.94	1	12	45.75	44.96	45.41	399.37	396.58	40.434	41.524	38.83	39.87	400.7	1998	230	96.2	15.1	-0.0801	0.8	111115
20	"13:56:36"	118.0	8.9	0.0766	181	0.0	0.0	0.0	0.0	0.0	0.000	0.000	0.000	-1	0.850	0.850	0	0.850	0.006	0.000	0.000	0.000	0.0	0.5	0.000	4.8	5.63	0.94	1	12	45.77	44.97	45.43	399.18	396.65	40.449	41.527	38.80	39.84	400.7	1998	231	96.2	15.1	-0.0801	0.8	111115
21	"13:56:41"	123.0	9.87	0.078	165	0.0	0.0	0.0	0.0	0.0	0.000	0.000	0.000	-1	0.850	0.850	0	0.850	0.006	0.000	0.000	0.000	0.0	0.5	0.000	4.88	5.63	0.94	1	12	45.79	44.98	45.44	399.35	396.58	40.436	41.534	38.76	39.81	400.7	1998	235	96.2	15.1	-0.0801	0.5	111115
22	"13:56:46"	128.0	8.44	0.077	191	0.0	0.0	0.0	0.0	0.0	0.000	0.000	0.000	-1	0.850	0.850	0	0.850	0.006	0.000	0.000	0.000	0.0	0.5	0.000	4.83	5.64	0.94	1	12	45.81	45.00	45.46	399.05	396.62	40.448	41.535	38.73	39.77	400.7	1998	237	96.2	15.1	-0.0801	0.5	111115
23	"13:56:51"	133.0	9.44	0.0771	171	0.0	0.0	0.0	0.0	0.0	0.000	0.000	0.000	-1	0.850	0.850	0	0.850	0.006	0.000	0.000	0.000	0.0	0.5	0.000	4.85	5.66	0.94	1	12	45.83	45.04	45.48	399.17	396.51	40.442	41.533	38.69	39.73	400.7	1998	240	96.2	15.1	-0.0801	0.5	111115
24	"13:56:56"	138.0	10.3	0.0779	156	0.0	0.0	0.0	0.0	0.0	0.000	0.000	0.000	-1	0.850	0.850	0	0.850	0.007	0.000	0.000	0.000	0.0	0.5	0.000	4.9	5.66	0.94	1	12	45.84	45.04	45.49	399.40	396.53	40.439	41.541	38.65	39.70	400.7	1998	237	96.2	15.1	-0.0801	0.5	111115
25	"13:57:01"	143.0	8.57	0.0773	188	0.0	0.0	0.0	0.0	0.0	0.000	0.000	0.000	-1	0.850	0.850	0	0.850	0.006	0.000	0.000	0.000	0.0	0.5	0.000	4.88	5.68	0.94	1	12	45.86	45.07	45.51	399.00	396.54	40.440	41.537	38.61	39.66	400.7	2001	239	96.2	15.1	-0.0801	0.5	111115
26	"13:57:06"	148.0	9.23	0.0775	176	0.0	0.0	0.0	0.0	0.0	0.000	0.000	0.000	-1	0.850	0.850	0	0.850	0.006	0.000	0.000	0.000	0.0	0.5	0.000	4.91	5.7	0.94	1	12	45.88	45.12	45.53	399.15	396.52	40.443	41.547	38.58	39.63	400.7	2001	242	96.2	15.1	-0.0801	0.5	111115
