"OPEN 5.3.2"
"Mon Jul 11 2011 15:40:25"
"Unit="	"PSC-1512"
"LCF="	"LCF-0428"
"LCFCals="	" -1.94 -2.02-2862.00"
"ComputeList="	"/User/Configs/Comps/Std Flr Comp"
"BLCTable="	"/Sys/Lib/BLCTable_LCF"
"LightSource="	"6400-40 LCF"	1	0.16
"LogFormat="	"/User/Configs/LogFormats/Std Flr Log"
"LogCodes="	-35	-21	-36	30	23	36	-86	-88	-87	-89	-90	4202	4211	4212	4213	4206	4205	-81	4207	4215	4216	4220	4221	-96	4222	4223	21	25	-33	-34	-32	-9	-10	-8	-1	-2	-4	-5	-14	-15	-7	-12	-13	-11	-65	-66	-72	-23
"PromptList="	"/User/Configs/Prompts/Default (none)"
"Stability= (Photo 20s SLP<0.5)(Cond 20s SLP<0.01)(H2OS 20s SLP<1)(F 20s SLP<1)"
"15:40:25 "
$STARTOFDATA$
"Obs"	"HHMMSS"	"FTime"	"Photo"	"Cond"	"Ci"	"Fo"	"Fm"	"Fo'"	"Fm'"	"Fs"	"Fv/Fm"	"Fv'/Fm'"	"PhiPS2"	"Adark"	"RedAbs"	"BlueAbs"	"%Blue"	"LeafAbs"	"PhiCO2"	"qP"	"qN"	"NPQ"	"ParIn@Fs"	"PS2/1"	"ETR"	"Trmmol"	"VpdL"	"Area"	"StmRat"	"BLCond"	"Tair"	"Tleaf"	"TBlk"	"CO2R"	"CO2S"	"H2OR"	"H2OS"	"RH_R"	"RH_S"	"Flow"	"PARi"	"PARo"	"Press"	"CsMch"	"HsMch"	"StableF"	"Status"
1	"15:40:32"	13.5	32.9	0.302	189	0.0	0.0	0.0	0.0	0.0	0.000	0.000	0.000	-1	0.850	0.850	9	0.850	0.021	0.000	0.000	0.000	0.0	0.5	0.000	13.4	4.16	1.22	1	11.4	44.92	41.72	44.44	400.01	388.40	36.828	40.748	37.31	41.28	400.1	1919	75	97.26	-2.82	-0.696	0.2	111115
2	"15:40:38"	18.5	32.1	0.303	193	0.0	0.0	0.0	0.0	0.0	0.000	0.000	0.000	-1	0.850	0.850	9	0.850	0.020	0.000	0.000	0.000	0.0	0.5	0.000	13.5	4.18	1.22	1	11.4	44.91	41.78	44.43	399.64	388.24	36.862	40.810	37.36	41.37	400.1	1987	72	97.26	-2.82	-0.696	0.2	111115
3	"15:40:43"	24.0	33	0.305	190	0.0	0.0	0.0	0.0	0.0	0.000	0.000	0.000	-1	0.850	0.850	9	0.850	0.020	0.000	0.000	0.000	0.0	0.5	0.000	13.6	4.18	1.22	1	11.4	44.90	41.79	44.42	399.66	388.01	36.903	40.874	37.43	41.46	400.4	1994	75	97.26	-2.82	-0.696	0.2	111115
4	"15:40:48"	29.0	33.5	0.307	188	0.0	0.0	0.0	0.0	0.0	0.000	0.000	0.000	-1	0.850	0.850	9	0.850	0.020	0.000	0.000	0.000	0.0	0.5	0.000	13.7	4.16	1.22	1	11.4	44.89	41.76	44.41	399.67	387.83	36.939	40.931	37.49	41.54	400.1	1994	77	97.26	-2.82	-0.696	0.2	111115
5	"15:40:54"	34.5	33.9	0.31	188	0.0	0.0	0.0	0.0	0.0	0.000	0.000	0.000	-1	0.850	0.850	9	0.850	0.021	0.000	0.000	0.000	0.0	0.5	0.000	13.7	4.14	1.22	1	11.4	44.88	41.74	44.39	399.66	387.71	36.963	40.972	37.53	41.61	400.1	1994	79	97.26	-2.82	-0.696	0.2	111115
6	"15:40:59"	39.5	34.7	0.312	185	0.0	0.0	0.0	0.0	0.0	0.000	0.000	0.000	-1	0.850	0.850	9	0.850	0.021	0.000	0.000	0.000	0.0	0.5	0.000	13.8	4.13	1.22	1	11.4	44.87	41.71	44.38	399.93	387.72	36.992	41.015	37.59	41.67	400.1	1994	84	97.26	-2.82	-0.696	0.2	111115
7	"15:41:04"	45.0	33.6	0.311	190	0.0	0.0	0.0	0.0	0.0	0.000	0.000	0.000	-1	0.850	0.850	9	0.850	0.020	0.000	0.000	0.000	0.0	0.5	0.000	13.8	4.14	1.22	1	11.4	44.86	41.75	44.37	399.70	387.82	37.021	41.045	37.63	41.72	400.1	1994	85	97.26	-2.82	-0.696	0.2	111115
8	"15:41:09"	50.0	33.7	0.312	190	0.0	0.0	0.0	0.0	0.0	0.000	0.000	0.000	-1	0.850	0.850	9	0.850	0.020	0.000	0.000	0.000	0.0	0.5	0.000	13.8	4.13	1.22	1	11.4	44.85	41.74	44.36	399.80	387.89	37.052	41.082	37.68	41.78	400.1	1994	85	97.26	-2.82	-0.696	0.2	111115
9	"15:41:15"	55.5	33.1	0.313	193	0.0	0.0	0.0	0.0	0.0	0.000	0.000	0.000	-1	0.850	0.850	9	0.850	0.020	0.000	0.000	0.000	0.0	0.5	0.000	13.7	4.12	1.22	1	11.4	44.84	41.71	44.35	399.64	387.92	37.089	41.109	37.74	41.83	400.1	1994	74	97.26	-2.82	-0.696	0.8	111115
10	"15:41:20"	61.0	34.3	0.313	187	0.0	0.0	0.0	0.0	0.0	0.000	0.000	0.000	-1	0.850	0.850	9	0.850	0.021	0.000	0.000	0.000	0.0	0.5	0.000	13.8	4.12	1.22	1	11.4	44.83	41.72	44.34	399.87	387.77	37.118	41.142	37.79	41.89	400.1	1994	75	97.26	-2.82	-0.696	0.5	111115
11	"15:41:25"	66.5	33.5	0.312	191	0.0	0.0	0.0	0.0	0.0	0.000	0.000	0.000	-1	0.850	0.850	9	0.850	0.020	0.000	0.000	0.000	0.0	0.5	0.000	13.8	4.13	1.22	1	11.4	44.82	41.75	44.33	399.72	387.88	37.149	41.173	37.84	41.94	400.1	1994	75	97.26	-2.82	-0.696	0.5	111115
12	"15:41:30"	71.5	33.5	0.314	192	0.0	0.0	0.0	0.0	0.0	0.000	0.000	0.000	-1	0.850	0.850	9	0.850	0.020	0.000	0.000	0.000	0.0	0.5	0.000	13.8	4.11	1.22	1	11.4	44.81	41.71	44.32	399.77	387.93	37.172	41.193	37.88	41.98	400.3	1994	77	97.26	-2.82	-0.696	0.8	111115
13	"15:41:36"	77.0	33.7	0.314	191	0.0	0.0	0.0	0.0	0.0	0.000	0.000	0.000	-1	0.850	0.850	9	0.850	0.020	0.000	0.000	0.000	0.0	0.5	0.000	13.8	4.1	1.22	1	11.4	44.80	41.69	44.32	399.89	387.97	37.203	41.226	37.93	42.04	399.9	1994	76	97.26	-2.82	-0.696	0.8	111115
14	"15:41:41"	82.0	33.7	0.312	191	0.0	0.0	0.0	0.0	0.0	0.000	0.000	0.000	-1	0.850	0.850	9	0.850	0.020	0.000	0.000	0.000	0.0	0.5	0.000	13.7	4.11	1.22	1	11.4	44.79	41.73	44.31	399.78	387.90	37.231	41.239	37.98	42.07	400.3	1994	75	97.26	-2.82	-0.696	0.5	111115
15	"15:41:46"	87.0	33.2	0.315	194	0.0	0.0	0.0	0.0	0.0	0.000	0.000	0.000	-1	0.850	0.850	9	0.850	0.020	0.000	0.000	0.000	0.0	0.5	0.000	13.8	4.1	1.22	1	11.4	44.78	41.69	44.30	399.72	387.95	37.256	41.279	38.02	42.13	399.8	1994	76	97.26	-2.82	-0.696	0.8	111115
16	"15:41:51"	92.0	33.3	0.313	193	0.0	0.0	0.0	0.0	0.0	0.000	0.000	0.000	-1	0.850	0.850	9	0.850	0.020	0.000	0.000	0.000	0.0	0.5	0.000	13.7	4.1	1.22	1	11.4	44.78	41.71	44.29	399.69	387.91	37.282	41.291	38.06	42.15	400.3	1994	75	97.26	-2.82	-0.696	0.5	111115
17	"15:41:56"	97.0	33	0.314	195	0.0	0.0	0.0	0.0	0.0	0.000	0.000	0.000	-1	0.850	0.850	9	0.850	0.020	0.000	0.000	0.000	0.0	0.5	0.000	13.7	4.1	1.22	1	11.4	44.77	41.71	44.29	399.66	387.98	37.302	41.316	38.09	42.19	399.9	1994	84	97.26	-2.82	-0.696	0.5	111115
18	"15:42:01"	102.0	33.3	0.313	193	0.0	0.0	0.0	0.0	0.0	0.000	0.000	0.000	-1	0.850	0.850	9	0.850	0.020	0.000	0.000	0.000	0.0	0.5	0.000	13.7	4.1	1.22	1	11.4	44.76	41.70	44.28	399.72	387.95	37.337	41.336	38.14	42.22	400.0	1994	85	97.26	-2.82	-0.696	0.5	111115
19	"15:42:06"	107.0	33.2	0.315	195	0.0	0.0	0.0	0.0	0.0	0.000	0.000	0.000	-1	0.850	0.850	9	0.850	0.020	0.000	0.000	0.000	0.0	0.5	0.000	13.7	4.08	1.22	1	11.4	44.76	41.68	44.28	399.74	388.01	37.353	41.359	38.16	42.26	400.3	1994	85	97.26	-2.82	-0.696	0.8	111115
20	"15:42:11"	112.0	32.7	0.314	197	0.0	0.0	0.0	0.0	0.0	0.000	0.000	0.000	-1	0.850	0.850	9	0.850	0.020	0.000	0.000	0.000	0.0	0.5	0.000	13.7	4.08	1.22	1	11.4	44.76	41.68	44.28	399.61	388.02	37.381	41.379	38.20	42.28	400.0	1994	85	97.26	-2.82	-0.696	0.5	111115
21	"15:42:16"	117.0	33.3	0.312	193	0.0	0.0	0.0	0.0	0.0	0.000	0.000	0.000	-1	0.850	0.850	9	0.850	0.020	0.000	0.000	0.000	0.0	0.5	0.000	13.6	4.09	1.22	1	11.4	44.75	41.71	44.27	399.75	387.98	37.409	41.397	38.24	42.32	400.0	1994	72	97.26	-2.82	-0.696	0.8	111115
22	"15:42:21"	122.0	33.1	0.314	195	0.0	0.0	0.0	0.0	0.0	0.000	0.000	0.000	-1	0.850	0.850	9	0.850	0.020	0.000	0.000	0.000	0.0	0.5	0.000	13.7	4.08	1.22	1	11.4	44.74	41.69	44.26	399.75	388.03	37.422	41.421	38.26	42.35	400.0	1994	75	97.26	-2.82	-0.696	0.5	111115
23	"15:42:26"	127.0	33.2	0.314	194	0.0	0.0	0.0	0.0	0.0	0.000	0.000	0.000	-1	0.850	0.850	9	0.850	0.020	0.000	0.000	0.000	0.0	0.5	0.000	13.6	4.07	1.22	1	11.4	44.74	41.68	44.26	399.78	388.06	37.447	41.437	38.30	42.38	400.0	1994	71	97.26	-2.82	-0.696	0.8	111115
