"OPEN 5.3.2"
"Mon Jul 11 2011 15:57:44"
"Unit="	"PSC-1512"
"LCF="	"LCF-0428"
"LCFCals="	" -1.94 -2.02-2862.00"
"ComputeList="	"/User/Configs/Comps/Std Flr Comp"
"BLCTable="	"/Sys/Lib/BLCTable_LCF"
"LightSource="	"6400-40 LCF"	1	0.16
"LogFormat="	"/User/Configs/LogFormats/Std Flr Log"
"LogCodes="	-35	-21	-36	30	23	36	-86	-88	-87	-89	-90	4202	4211	4212	4213	4206	4205	-81	4207	4215	4216	4220	4221	-96	4222	4223	21	25	-33	-34	-32	-9	-10	-8	-1	-2	-4	-5	-14	-15	-7	-12	-13	-11	-65	-66	-72	-23
"PromptList="	"/User/Configs/Prompts/Default (none)"
"Stability= (Photo 20s SLP<0.5)(Cond 20s SLP<0.01)(H2OS 20s SLP<1)(F 20s SLP<1)"
"15:57:44 "
$STARTOFDATA$
"Obs"	"HHMMSS"	"FTime"	"Photo"	"Cond"	"Ci"	"Fo"	"Fm"	"Fo'"	"Fm'"	"Fs"	"Fv/Fm"	"Fv'/Fm'"	"PhiPS2"	"Adark"	"RedAbs"	"BlueAbs"	"%Blue"	"LeafAbs"	"PhiCO2"	"qP"	"qN"	"NPQ"	"ParIn@Fs"	"PS2/1"	"ETR"	"Trmmol"	"VpdL"	"Area"	"StmRat"	"BLCond"	"Tair"	"Tleaf"	"TBlk"	"CO2R"	"CO2S"	"H2OR"	"H2OS"	"RH_R"	"RH_S"	"Flow"	"PARi"	"PARo"	"Press"	"CsMch"	"HsMch"	"StableF"	"Status"
1	"15:57:51"	11.5	6.35	0.0283	15.3	0.0	0.0	0.0	0.0	0.0	0.000	0.000	0.000	-1	0.850	0.850	9	0.850	0.005	0.000	0.000	0.000	0.0	0.5	0.000	2.04	6.52	0.48	1	12	47.08	45.71	46.22	399.45	398.59	35.553	35.788	32.25	32.47	399.8	1863	120	97.26	-2.82	-0.696	0.0	111115
2	"15:57:57"	16.5	11	0.0486	9.69	0.0	0.0	0.0	0.0	0.0	0.000	0.000	0.000	-1	0.850	0.850	9	0.850	0.007	0.000	0.000	0.000	0.0	0.5	0.000	3.5	6.55	0.48	1	12	47.10	45.80	46.24	400.06	398.57	35.504	35.909	32.17	32.54	399.8	1974	120	97.26	-2.82	-0.696	0.0	111115
3	"15:58:02"	22.5	8.51	0.0606	142	0.0	0.0	0.0	0.0	0.0	0.000	0.000	0.000	-1	0.850	0.850	9	0.850	0.006	0.000	0.000	0.000	0.0	0.5	0.000	4.39	6.59	0.48	1	12	47.13	45.88	46.26	399.93	398.70	35.452	35.960	32.08	32.54	399.8	1986	119	97.26	-2.82	-0.696	0.0	111115
4	"15:58:08"	28.0	9.65	0.065	129	0.0	0.0	0.0	0.0	0.0	0.000	0.000	0.000	-1	0.850	0.850	9	0.850	0.006	0.000	0.000	0.000	0.0	0.5	0.000	4.73	6.62	0.48	1	12	47.15	45.94	46.28	400.09	398.71	35.407	35.955	32.01	32.50	399.8	1986	119	97.26	-2.82	-0.696	0.2	111115
5	"15:58:13"	33.0	9.19	0.069	152	0.0	0.0	0.0	0.0	0.0	0.000	0.000	0.000	-1	0.850	0.850	9	0.850	0.006	0.000	0.000	0.000	0.0	0.5	0.000	5.04	6.65	0.48	1	12	47.17	45.99	46.30	400.05	398.71	35.356	35.940	31.93	32.45	399.8	1986	120	97.26	-2.82	-0.696	0.2	111115
6	"15:58:18"	38.0	7.46	0.0696	191	0.0	0.0	0.0	0.0	0.0	0.000	0.000	0.000	-1	0.850	0.850	9	0.850	0.005	0.000	0.000	0.000	0.0	0.5	0.000	5.1	6.67	0.48	1	12	47.19	46.02	46.31	399.90	398.76	35.321	35.911	31.87	32.40	399.7	1985	120	97.26	-2.82	-0.696	0.2	111115
7	"15:58:23"	43.0	8.8	0.07	163	0.0	0.0	0.0	0.0	0.0	0.000	0.000	0.000	-1	0.850	0.850	9	0.850	0.006	0.000	0.000	0.000	0.0	0.5	0.000	5.15	6.69	0.48	1	12	47.21	46.06	46.33	399.96	398.65	35.277	35.873	31.79	32.33	399.7	1985	120	97.26	-2.82	-0.696	0.2	111115
8	"15:58:28"	48.0	7.59	0.0695	188	0.0	0.0	0.0	0.0	0.0	0.000	0.000	0.000	-1	0.850	0.850	9	0.850	0.005	0.000	0.000	0.000	0.0	0.5	0.000	5.13	6.71	0.48	1	12	47.23	46.09	46.35	399.91	398.76	35.233	35.827	31.73	32.26	399.7	1985	121	97.26	-2.82	-0.696	0.2	111115
9	"15:58:33"	53.0	8.24	0.0695	174	0.0	0.0	0.0	0.0	0.0	0.000	0.000	0.000	-1	0.850	0.850	9	0.850	0.005	0.000	0.000	0.000	0.0	0.5	0.000	5.14	6.72	0.48	1	12	47.25	46.11	46.37	399.93	398.69	35.196	35.791	31.66	32.20	399.8	1985	121	97.26	-2.82	-0.696	0.5	111115
10	"15:58:38"	58.0	7.53	0.0712	193	0.0	0.0	0.0	0.0	0.0	0.000	0.000	0.000	-1	0.850	0.850	9	0.850	0.005	0.000	0.000	0.000	0.0	0.5	0.000	5.27	6.74	0.48	1	12	47.26	46.13	46.38	399.91	398.75	35.134	35.744	31.57	32.12	399.8	1988	124	97.26	-2.82	-0.696	0.5	111115
11	"15:58:43"	63.0	6.4	0.0701	215	0.0	0.0	0.0	0.0	0.0	0.000	0.000	0.000	-1	0.850	0.850	9	0.850	0.004	0.000	0.000	0.000	0.0	0.5	0.000	5.21	6.76	0.48	1	12	47.28	46.17	46.40	399.81	398.80	35.100	35.704	31.52	32.06	399.8	1988	124	97.26	-2.82	-0.696	0.5	111115
12	"15:58:48"	68.0	8.02	0.0679	174	0.0	0.0	0.0	0.0	0.0	0.000	0.000	0.000	-1	0.850	0.850	9	0.850	0.005	0.000	0.000	0.000	0.0	0.5	0.000	5.07	6.79	0.48	1	12	47.30	46.21	46.42	399.89	398.68	35.072	35.659	31.46	31.99	399.8	1987	124	97.26	-2.82	-0.696	0.5	111115
13	"15:58:53"	73.0	6.46	0.0697	213	0.0	0.0	0.0	0.0	0.0	0.000	0.000	0.000	-1	0.850	0.850	9	0.850	0.004	0.000	0.000	0.000	0.0	0.5	0.000	5.22	6.81	0.48	1	12	47.32	46.24	46.44	399.71	398.68	35.019	35.623	31.38	31.92	399.7	1986	123	97.26	-2.82	-0.696	0.5	111115
14	"15:58:58"	78.0	7.88	0.0681	178	0.0	0.0	0.0	0.0	0.0	0.000	0.000	0.000	-1	0.850	0.850	9	0.850	0.005	0.000	0.000	0.000	0.0	0.5	0.000	5.12	6.83	0.48	1	12	47.34	46.27	46.45	399.87	398.68	34.984	35.576	31.32	31.85	399.8	1985	123	97.26	-2.82	-0.696	0.5	111115
15	"15:59:03"	83.0	7.61	0.0683	184	0.0	0.0	0.0	0.0	0.0	0.000	0.000	0.000	-1	0.850	0.850	9	0.850	0.005	0.000	0.000	0.000	0.0	0.5	0.000	5.16	6.86	0.48	1	12	47.36	46.32	46.48	399.86	398.70	34.950	35.547	31.25	31.79	399.8	1985	123	97.26	-2.82	-0.696	0.5	111115
16	"15:59:08"	88.0	6.8	0.0667	199	0.0	0.0	0.0	0.0	0.0	0.000	0.000	0.000	-1	0.850	0.850	9	0.850	0.005	0.000	0.000	0.000	0.0	0.5	0.000	5.05	6.87	0.48	1	12	47.38	46.34	46.49	399.69	398.64	34.912	35.496	31.19	31.71	399.8	1985	123	97.26	-2.82	-0.696	1.0	111115
17	"15:59:13"	93.0	8.74	0.0668	154	0.0	0.0	0.0	0.0	0.0	0.000	0.000	0.000	-1	0.850	0.850	9	0.850	0.006	0.000	0.000	0.000	0.0	0.5	0.000	5.07	6.9	0.48	1	12	47.40	46.38	46.51	399.88	398.58	34.873	35.460	31.12	31.64	399.8	1985	122	97.26	-2.82	-0.696	0.8	111115
18	"15:59:18"	98.0	6.69	0.067	201	0.0	0.0	0.0	0.0	0.0	0.000	0.000	0.000	-1	0.850	0.850	9	0.850	0.005	0.000	0.000	0.000	0.0	0.5	0.000	5.1	6.92	0.48	1	12	47.43	46.41	46.54	399.62	398.58	34.830	35.421	31.05	31.57	399.8	1986	123	97.26	-2.82	-0.696	0.5	111115
19	"15:59:23"	103.0	8.11	0.0657	165	0.0	0.0	0.0	0.0	0.0	0.000	0.000	0.000	-1	0.850	0.850	9	0.850	0.005	0.000	0.000	0.000	0.0	0.5	0.000	5	6.92	0.48	1	12	47.44	46.41	46.55	399.81	398.60	34.796	35.376	30.99	31.50	399.8	1986	122	97.26	-2.82	-0.696	0.5	111115
20	"15:59:28"	108.0	7.12	0.0659	189	0.0	0.0	0.0	0.0	0.0	0.000	0.000	0.000	-1	0.850	0.850	9	0.850	0.005	0.000	0.000	0.000	0.0	0.5	0.000	5.03	6.94	0.48	1	12	47.46	46.43	46.57	399.69	398.60	34.756	35.339	30.92	31.44	399.8	1987	122	97.26	-2.82	-0.696	0.5	111115
21	"15:59:33"	113.0	8.76	0.0642	146	0.0	0.0	0.0	0.0	0.0	0.000	0.000	0.000	-1	0.850	0.850	9	0.850	0.006	0.000	0.000	0.000	0.0	0.5	0.000	4.91	6.95	0.48	1	12	47.48	46.45	46.59	399.81	398.52	34.722	35.291	30.86	31.37	399.8	1987	122	97.26	-2.82	-0.696	1.0	111115
22	"15:59:38"	118.0	6.79	0.0647	193	0.0	0.0	0.0	0.0	0.0	0.000	0.000	0.000	-1	0.850	0.850	9	0.850	0.005	0.000	0.000	0.000	0.0	0.5	0.000	4.96	6.96	0.48	1	12	47.50	46.47	46.61	399.67	398.61	34.688	35.262	30.81	31.32	399.8	1987	122	97.26	-2.82	-0.696	0.8	111115
23	"15:59:43"	123.0	7.56	0.065	176	0.0	0.0	0.0	0.0	0.0	0.000	0.000	0.000	-1	0.850	0.850	9	0.850	0.005	0.000	0.000	0.000	0.0	0.5	0.000	5	6.98	0.48	1	12	47.51	46.49	46.62	399.70	398.55	34.645	35.224	30.75	31.26	399.8	1986	122	97.26	-2.82	-0.696	0.5	111115
