"OPEN 5.3.2"
"Mon Jul 11 2011 13:59:25"
"Unit="	"PSC-1512"
"LCF="	"LCF-0428"
"LCFCals="	" -1.94 -2.02-2862.00"
"ComputeList="	"/User/Configs/Comps/Std Flr Comp"
"BLCTable="	"/Sys/Lib/BLCTable_LCF"
"LightSource="	"6400-40 LCF"	1	0.16
"LogFormat="	"/User/Configs/LogFormats/Std Flr Log"
"LogCodes="	-35	-21	-36	30	23	36	-86	-88	-87	-89	-90	4202	4211	4212	4213	4206	4205	-81	4207	4215	4216	4220	4221	-96	4222	4223	21	25	-33	-34	-32	-9	-10	-8	-1	-2	-4	-5	-14	-15	-7	-12	-13	-11	-65	-66	-72	-23
"PromptList="	"/User/Configs/Prompts/Default (none)"
"Stability= (Photo 20s SLP<0.5)(Cond 20s SLP<0.01)(H2OS 20s SLP<1)(F 20s SLP<1)"
"13:59:25 "
$STARTOFDATA$
"Obs"	"HHMMSS"	"FTime"	"Photo"	"Cond"	"Ci"	"Fo"	"Fm"	"Fo'"	"Fm'"	"Fs"	"Fv/Fm"	"Fv'/Fm'"	"PhiPS2"	"Adark"	"RedAbs"	"BlueAbs"	"%Blue"	"LeafAbs"	"PhiCO2"	"qP"	"qN"	"NPQ"	"ParIn@Fs"	"PS2/1"	"ETR"	"Trmmol"	"VpdL"	"Area"	"StmRat"	"BLCond"	"Tair"	"Tleaf"	"TBlk"	"CO2R"	"CO2S"	"H2OR"	"H2OS"	"RH_R"	"RH_S"	"Flow"	"PARi"	"PARo"	"Press"	"CsMch"	"HsMch"	"StableF"	"Status"
1	"13:59:32"	13.0	32	0.187	96.4	0.0	0.0	0.0	0.0	0.0	0.000	0.000	0.000	-1	0.850	0.850	9	0.850	0.020	0.000	0.000	0.000	0.0	0.5	0.000	8.61	4.27	0.94	1	12	43.87	41.61	43.45	400.13	391.83	37.113	39.055	39.73	41.81	400.3	1911	126	97.33	-2.53	-0.764	0.0	111115
2	"13:59:38"	18.5	31	0.199	120	0.0	0.0	0.0	0.0	0.0	0.000	0.000	0.000	-1	0.850	0.850	9	0.850	0.019	0.000	0.000	0.000	0.0	0.5	0.000	9.15	4.27	0.94	1	12	43.87	41.62	43.44	399.93	391.81	37.100	39.165	39.72	41.93	400.2	1985	127	97.33	-2.53	-0.764	0.0	111115
3	"13:59:43"	23.5	30.7	0.207	131	0.0	0.0	0.0	0.0	0.0	0.000	0.000	0.000	-1	0.850	0.850	9	0.850	0.019	0.000	0.000	0.000	0.0	0.5	0.000	9.5	4.27	0.94	1	12	43.86	41.64	43.42	399.88	391.79	37.080	39.225	39.71	42.01	400.0	1992	127	97.33	-2.53	-0.764	0.0	111115
4	"13:59:48"	28.5	31.2	0.211	133	0.0	0.0	0.0	0.0	0.0	0.000	0.000	0.000	-1	0.850	0.850	9	0.850	0.019	0.000	0.000	0.000	0.0	0.5	0.000	9.7	4.27	0.94	1	12	43.85	41.64	43.41	399.84	391.64	37.070	39.258	39.72	42.06	400.4	1992	127	97.33	-2.53	-0.764	0.2	111115
5	"13:59:53"	34.0	30.3	0.214	143	0.0	0.0	0.0	0.0	0.0	0.000	0.000	0.000	-1	0.850	0.850	9	0.850	0.018	0.000	0.000	0.000	0.0	0.5	0.000	9.8	4.25	0.94	1	12	43.85	41.60	43.39	399.75	391.73	37.067	39.279	39.73	42.10	400.1	1992	128	97.33	-2.53	-0.764	0.2	111115
6	"13:59:59"	39.5	31.1	0.217	139	0.0	0.0	0.0	0.0	0.0	0.000	0.000	0.000	-1	0.850	0.850	9	0.850	0.019	0.000	0.000	0.000	0.0	0.5	0.000	9.91	4.25	0.94	1	12	43.84	41.59	43.38	399.82	391.59	37.045	39.281	39.73	42.13	400.1	1992	127	97.33	-2.53	-0.764	0.2	111115
7	"14:00:04"	44.5	31.8	0.217	134	0.0	0.0	0.0	0.0	0.0	0.000	0.000	0.000	-1	0.850	0.850	9	0.850	0.019	0.000	0.000	0.000	0.0	0.5	0.000	9.93	4.25	0.94	1	12	43.82	41.60	43.36	399.97	391.58	37.044	39.285	39.75	42.16	400.1	1992	128	97.33	-2.53	-0.764	0.2	111115
8	"14:00:09"	50.0	31.2	0.22	141	0.0	0.0	0.0	0.0	0.0	0.000	0.000	0.000	-1	0.850	0.850	9	0.850	0.019	0.000	0.000	0.000	0.0	0.5	0.000	10	4.24	0.94	1	12	43.81	41.59	43.35	399.91	391.65	37.019	39.279	39.75	42.18	400.1	1992	129	97.33	-2.53	-0.764	0.2	111115
9	"14:00:15"	55.5	31	0.222	144	0.0	0.0	0.0	0.0	0.0	0.000	0.000	0.000	-1	0.850	0.850	9	0.850	0.019	0.000	0.000	0.000	0.0	0.5	0.000	10.1	4.23	0.94	1	12	43.80	41.56	43.34	399.81	391.60	37.015	39.288	39.77	42.21	400.1	1992	129	97.33	-2.53	-0.764	0.2	111115
10	"14:00:20"	61.0	31.4	0.223	143	0.0	0.0	0.0	0.0	0.0	0.000	0.000	0.000	-1	0.850	0.850	9	0.850	0.019	0.000	0.000	0.000	0.0	0.5	0.000	10.1	4.22	0.94	1	12	43.79	41.52	43.32	399.87	391.57	37.003	39.282	39.78	42.23	400.1	1992	129	97.33	-2.53	-0.764	0.2	111115
11	"14:00:26"	66.5	32.1	0.223	138	0.0	0.0	0.0	0.0	0.0	0.000	0.000	0.000	-1	0.850	0.850	9	0.850	0.020	0.000	0.000	0.000	0.0	0.5	0.000	10.1	4.21	0.94	1	12	43.78	41.52	43.30	400.03	391.55	36.994	39.275	39.80	42.25	400.2	1992	129	97.33	-2.53	-0.764	0.2	111115
12	"14:00:31"	71.5	32.3	0.223	137	0.0	0.0	0.0	0.0	0.0	0.000	0.000	0.000	-1	0.850	0.850	9	0.850	0.020	0.000	0.000	0.000	0.0	0.5	0.000	10.1	4.22	0.94	1	12	43.77	41.53	43.29	400.04	391.53	36.992	39.276	39.82	42.28	400.1	1992	129	97.33	-2.53	-0.764	0.2	111115
13	"14:00:36"	77.0	31.6	0.225	144	0.0	0.0	0.0	0.0	0.0	0.000	0.000	0.000	-1	0.850	0.850	9	0.850	0.019	0.000	0.000	0.000	0.0	0.5	0.000	10.2	4.21	0.94	1	12	43.75	41.50	43.28	399.91	391.55	36.970	39.268	39.82	42.29	400.1	1992	128	97.33	-2.53	-0.764	0.2	111115
14	"14:00:42"	82.5	32.3	0.225	139	0.0	0.0	0.0	0.0	0.0	0.000	0.000	0.000	-1	0.850	0.850	9	0.850	0.020	0.000	0.000	0.000	0.0	0.5	0.000	10.2	4.21	0.94	1	12	43.74	41.50	43.27	400.08	391.56	36.964	39.261	39.84	42.32	400.1	1992	129	97.33	-2.53	-0.764	0.5	111115
15	"14:00:47"	88.0	31.3	0.227	147	0.0	0.0	0.0	0.0	0.0	0.000	0.000	0.000	-1	0.850	0.850	9	0.850	0.019	0.000	0.000	0.000	0.0	0.5	0.000	10.2	4.19	0.94	1	12	43.73	41.47	43.25	399.83	391.52	36.949	39.258	39.85	42.34	400.1	1992	129	97.33	-2.53	-0.764	0.5	111115
16	"14:00:53"	93.5	31.4	0.227	147	0.0	0.0	0.0	0.0	0.0	0.000	0.000	0.000	-1	0.850	0.850	9	0.850	0.019	0.000	0.000	0.000	0.0	0.5	0.000	10.2	4.19	0.94	1	12	43.72	41.46	43.24	399.92	391.59	36.951	39.258	39.88	42.37	400.0	1992	129	97.33	-2.53	-0.764	0.5	111115
17	"14:00:58"	98.5	32.1	0.227	142	0.0	0.0	0.0	0.0	0.0	0.000	0.000	0.000	-1	0.850	0.850	9	0.850	0.020	0.000	0.000	0.000	0.0	0.5	0.000	10.2	4.19	0.94	1	12	43.71	41.45	43.23	400.06	391.58	36.945	39.248	39.89	42.38	400.1	1992	129	97.33	-2.53	-0.764	0.5	111115
18	"14:01:03"	103.5	31.8	0.229	147	0.0	0.0	0.0	0.0	0.0	0.000	0.000	0.000	-1	0.850	0.850	9	0.850	0.019	0.000	0.000	0.000	0.0	0.5	0.000	10.3	4.18	0.94	1	12	43.70	41.42	43.22	400.05	391.64	36.917	39.235	39.88	42.39	400.1	1992	128	97.33	-2.53	-0.764	0.8	111115
19	"14:01:08"	109.5	30.9	0.228	151	0.0	0.0	0.0	0.0	0.0	0.000	0.000	0.000	-1	0.850	0.850	9	0.850	0.019	0.000	0.000	0.000	0.0	0.5	0.000	10.2	4.19	0.94	1	12	43.68	41.44	43.21	399.90	391.68	36.915	39.226	39.90	42.40	400.1	1993	127	97.33	-2.53	-0.764	0.5	111115
20	"14:01:13"	114.5	31.5	0.229	148	0.0	0.0	0.0	0.0	0.0	0.000	0.000	0.000	-1	0.850	0.850	9	0.850	0.019	0.000	0.000	0.000	0.0	0.5	0.000	10.2	4.17	0.94	1	12	43.68	41.41	43.20	400.01	391.67	36.904	39.216	39.91	42.41	400.1	1993	128	97.33	-2.53	-0.764	0.5	111115
21	"14:01:18"	119.5	31	0.228	151	0.0	0.0	0.0	0.0	0.0	0.000	0.000	0.000	-1	0.850	0.850	9	0.850	0.019	0.000	0.000	0.000	0.0	0.5	0.000	10.2	4.18	0.94	1	12	43.67	41.43	43.19	400.02	391.79	36.894	39.204	39.91	42.41	400.0	1993	128	97.33	-2.53	-0.764	0.5	111115
22	"14:01:23"	124.5	30.3	0.228	156	0.0	0.0	0.0	0.0	0.0	0.000	0.000	0.000	-1	0.850	0.850	9	0.850	0.018	0.000	0.000	0.000	0.0	0.5	0.000	10.2	4.18	0.94	1	12	43.66	41.42	43.18	399.91	391.85	36.885	39.197	39.92	42.43	400.1	1993	128	97.33	-2.53	-0.764	0.5	111115
23	"14:01:28"	129.5	30.7	0.229	154	0.0	0.0	0.0	0.0	0.0	0.000	0.000	0.000	-1	0.850	0.850	9	0.850	0.019	0.000	0.000	0.000	0.0	0.5	0.000	10.2	4.17	0.94	1	12	43.65	41.40	43.18	400.08	391.92	36.877	39.188	39.93	42.43	400.1	1993	128	97.33	-2.53	-0.764	0.5	111115
24	"14:01:33"	134.5	30.4	0.228	155	0.0	0.0	0.0	0.0	0.0	0.000	0.000	0.000	-1	0.850	0.850	9	0.850	0.019	0.000	0.000	0.000	0.0	0.5	0.000	10.2	4.18	0.94	1	12	43.64	41.41	43.17	399.99	391.91	36.870	39.178	39.94	42.44	400.4	1993	128	97.33	-2.53	-0.764	0.5	111115
