"OPEN 5.3.2"
"Mon Jul 11 2011 12:45:32"
"Unit="	"PSC-1570"
"LCF="	"LCF-0398"
"LCFCals="	" -1.56 -1.57  0.00"
"ComputeList="	"/User/Configs/Comps/Std Flr Comp"
"BLCTable="	"/Sys/Lib/BLCTable_LCF"
"LightSource="	"6400-40 LCF"	1	0.16
"LogFormat="	"/User/Configs/LogFormats/Std Flr Log"
"LogCodes="	-35	-21	-36	30	23	36	-86	-88	-87	-89	-90	4202	4211	4212	4213	4206	4205	-81	4207	4215	4216	4220	4221	-96	4222	4223	21	25	-33	-34	-32	-9	-10	-8	-1	-2	-4	-5	-14	-15	-7	-12	-13	-11	-65	-66	-72	-23
"PromptList="	"/User/Configs/Prompts/Default (none)"
"Stability= (Photo 20s SLP<0.5)(Cond 20s SLP<0.01)(H2OS 20s SLP<1)(F 20s SLP<1)"
"12:45:32 "
$STARTOFDATA$
"Obs"	"HHMMSS"	"FTime"	"Photo"	"Cond"	"Ci"	"Fo"	"Fm"	"Fo'"	"Fm'"	"Fs"	"Fv/Fm"	"Fv'/Fm'"	"PhiPS2"	"Adark"	"RedAbs"	"BlueAbs"	"%Blue"	"LeafAbs"	"PhiCO2"	"qP"	"qN"	"NPQ"	"ParIn@Fs"	"PS2/1"	"ETR"	"Trmmol"	"VpdL"	"Area"	"StmRat"	"BLCond"	"Tair"	"Tleaf"	"TBlk"	"CO2R"	"CO2S"	"H2OR"	"H2OS"	"RH_R"	"RH_S"	"Flow"	"PARi"	"PARo"	"Press"	"CsMch"	"HsMch"	"StableF"	"Status"
1	"12:45:39"	12.0	0.849	0.0138	270	0.0	0.0	0.0	0.0	0.0	0.000	0.000	0.000	-1	0.850	0.850	0	0.850	0.001	0.000	0.000	0.000	0.0	0.5	0.000	0.801	5.23	0.94	1	12	42.53	43.42	42.29	399.99	399.71	37.756	37.938	42.85	43.06	400.1	2089	517	96.2	14.5	-0.085	0.0	111115
2	"12:45:45"	17.5	0.514	0.0213	327	0.0	0.0	0.0	0.0	0.0	0.000	0.000	0.000	-1	0.850	0.850	0	0.850	0.001	0.000	0.000	0.000	0.0	0.5	0.000	1.24	5.25	0.94	1	12	42.56	43.48	42.30	399.78	399.54	37.786	38.066	42.82	43.13	400.1	2007	516	96.2	14.5	-0.085	0.0	111115
3	"12:45:50"	22.5	1.21	0.0262	293	0.0	0.0	0.0	0.0	0.0	0.000	0.000	0.000	-1	0.850	0.850	0	0.850	0.001	0.000	0.000	0.000	0.0	0.5	0.000	1.53	5.25	0.94	1	12	42.58	43.49	42.31	399.86	399.43	37.782	38.127	42.76	43.15	400.1	2001	509	96.2	14.5	-0.085	0.0	111115
4	"12:45:55"	28.0	1.23	0.0283	297	0.0	0.0	0.0	0.0	0.0	0.000	0.000	0.000	-1	0.850	0.850	0	0.850	0.001	0.000	0.000	0.000	0.0	0.5	0.000	1.65	5.26	0.94	1	12	42.60	43.53	42.33	399.82	399.38	37.793	38.167	42.73	43.15	400.1	2001	526	96.2	14.5	-0.085	0.2	111115
5	"12:46:01"	33.5	1.68	0.0299	278	0.0	0.0	0.0	0.0	0.0	0.000	0.000	0.000	-1	0.850	0.850	0	0.850	0.002	0.000	0.000	0.000	0.0	0.5	0.000	1.75	5.26	0.94	1	12	42.62	43.54	42.34	399.92	399.36	37.794	38.189	42.69	43.13	400.0	2001	526	96.2	14.5	-0.085	0.2	111115
6	"12:46:06"	39.0	0.423	0.0306	342	0.0	0.0	0.0	0.0	0.0	0.000	0.000	0.000	-1	0.850	0.850	0	0.850	0.001	0.000	0.000	0.000	0.0	0.5	0.000	1.79	5.28	0.94	1	12	42.64	43.58	42.35	399.65	399.38	37.800	38.205	42.65	43.11	400.1	2000	519	96.2	14.5	-0.085	0.2	111115
7	"12:46:12"	44.5	1.22	0.0301	301	0.0	0.0	0.0	0.0	0.0	0.000	0.000	0.000	-1	0.850	0.850	0	0.850	0.001	0.000	0.000	0.000	0.0	0.5	0.000	1.77	5.29	0.94	1	12	42.66	43.60	42.37	399.72	399.27	37.813	38.212	42.62	43.07	400.0	2001	510	96.2	14.5	-0.085	0.5	111115
8	"12:46:17"	50.0	0.773	0.0303	324	0.0	0.0	0.0	0.0	0.0	0.000	0.000	0.000	-1	0.850	0.850	0	0.850	0.001	0.000	0.000	0.000	0.0	0.5	0.000	1.78	5.3	0.94	1	12	42.68	43.62	42.38	399.62	399.27	37.815	38.217	42.58	43.04	400.0	2000	500	96.2	14.5	-0.085	0.5	111115
9	"12:46:22"	55.0	1.97	0.0302	263	0.0	0.0	0.0	0.0	0.0	0.000	0.000	0.000	-1	0.850	0.850	0	0.850	0.002	0.000	0.000	0.000	0.0	0.5	0.000	1.78	5.32	0.94	1	12	42.70	43.67	42.39	399.77	399.14	37.818	38.220	42.55	43.00	400.0	2000	495	96.2	14.5	-0.085	0.8	111115
10	"12:46:27"	60.0	0.845	0.0304	321	0.0	0.0	0.0	0.0	0.0	0.000	0.000	0.000	-1	0.850	0.850	0	0.850	0.001	0.000	0.000	0.000	0.0	0.5	0.000	1.79	5.31	0.94	1	12	42.71	43.66	42.41	399.57	399.21	37.827	38.232	42.52	42.98	400.0	2000	490	96.2	14.5	-0.085	0.8	111115
11	"12:46:33"	65.5	1.51	0.0307	288	0.0	0.0	0.0	0.0	0.0	0.000	0.000	0.000	-1	0.850	0.850	0	0.850	0.001	0.000	0.000	0.000	0.0	0.5	0.000	1.81	5.32	0.94	1	12	42.73	43.68	42.43	399.73	399.21	37.826	38.236	42.48	42.94	400.0	1999	488	96.2	14.5	-0.085	0.5	111115
12	"12:46:38"	70.5	1.59	0.0296	281	0.0	0.0	0.0	0.0	0.0	0.000	0.000	0.000	-1	0.850	0.850	0	0.850	0.002	0.000	0.000	0.000	0.0	0.5	0.000	1.76	5.34	0.94	1	12	42.75	43.71	42.44	399.64	399.10	37.846	38.243	42.46	42.91	400.0	1999	486	96.2	14.5	-0.085	0.8	111115
13	"12:46:43"	76.0	0.836	0.0299	320	0.0	0.0	0.0	0.0	0.0	0.000	0.000	0.000	-1	0.850	0.850	0	0.850	0.001	0.000	0.000	0.000	0.0	0.5	0.000	1.77	5.35	0.94	1	12	42.77	43.74	42.46	399.56	399.20	37.856	38.257	42.43	42.88	400.0	2000	485	96.2	14.5	-0.085	0.5	111115
14	"12:46:48"	81.0	0.932	0.0307	316	0.0	0.0	0.0	0.0	0.0	0.000	0.000	0.000	-1	0.850	0.850	0	0.850	0.001	0.000	0.000	0.000	0.0	0.5	0.000	1.83	5.36	0.94	1	12	42.79	43.76	42.47	399.49	399.10	37.846	38.259	42.38	42.84	400.0	1999	483	96.2	14.5	-0.085	0.8	111115
15	"12:46:54"	86.5	1.29	0.0306	298	0.0	0.0	0.0	0.0	0.0	0.000	0.000	0.000	-1	0.850	0.850	0	0.850	0.001	0.000	0.000	0.000	0.0	0.5	0.000	1.82	5.37	0.94	1	12	42.81	43.78	42.49	399.60	399.13	37.858	38.270	42.35	42.81	400.0	1999	481	96.2	14.5	-0.085	0.8	111115
16	"12:46:59"	92.0	1.37	0.0296	292	0.0	0.0	0.0	0.0	0.0	0.000	0.000	0.000	-1	0.850	0.850	0	0.850	0.001	0.000	0.000	0.000	0.0	0.5	0.000	1.77	5.38	0.94	1	12	42.83	43.81	42.51	399.54	399.05	37.874	38.273	42.32	42.77	400.0	1999	470	96.2	14.5	-0.085	0.5	111115
17	"12:47:04"	97.0	0.751	0.0301	324	0.0	0.0	0.0	0.0	0.0	0.000	0.000	0.000	-1	0.850	0.850	0	0.850	0.001	0.000	0.000	0.000	0.0	0.5	0.000	1.8	5.39	0.94	1	12	42.84	43.84	42.53	399.45	399.10	37.873	38.280	42.28	42.74	400.0	1998	463	96.2	14.5	-0.085	0.5	111115
18	"12:47:10"	102.5	0.946	0.03	314	0.0	0.0	0.0	0.0	0.0	0.000	0.000	0.000	-1	0.850	0.850	0	0.850	0.001	0.000	0.000	0.000	0.0	0.5	0.000	1.8	5.41	0.94	1	12	42.87	43.87	42.55	399.40	399.01	37.878	38.285	42.24	42.69	399.9	1998	452	96.2	14.5	-0.085	0.8	111115
19	"12:47:15"	108.0	1.94	0.029	260	0.0	0.0	0.0	0.0	0.0	0.000	0.000	0.000	-1	0.850	0.850	0	0.850	0.002	0.000	0.000	0.000	0.0	0.5	0.000	1.75	5.42	0.94	1	12	42.89	43.90	42.57	399.61	398.99	37.894	38.289	42.21	42.65	399.9	1998	447	96.2	14.5	-0.085	0.5	111115
20	"12:47:20"	113.0	1.48	0.029	284	0.0	0.0	0.0	0.0	0.0	0.000	0.000	0.000	-1	0.850	0.850	0	0.850	0.001	0.000	0.000	0.000	0.0	0.5	0.000	1.75	5.43	0.94	1	12	42.91	43.91	42.58	399.44	398.93	37.893	38.289	42.17	42.61	399.9	2001	450	96.2	14.5	-0.085	0.5	111115
21	"12:47:25"	118.0	1.36	0.0293	291	0.0	0.0	0.0	0.0	0.0	0.000	0.000	0.000	-1	0.850	0.850	0	0.850	0.001	0.000	0.000	0.000	0.0	0.5	0.000	1.77	5.44	0.94	1	12	42.93	43.95	42.60	399.43	398.94	37.898	38.298	42.13	42.57	399.9	2001	454	96.2	14.5	-0.085	0.5	111115
22	"12:47:30"	123.0	0.78	0.0286	320	0.0	0.0	0.0	0.0	0.0	0.000	0.000	0.000	-1	0.850	0.850	0	0.850	0.001	0.000	0.000	0.000	0.0	0.5	0.000	1.73	5.45	0.94	1	12	42.95	43.95	42.62	399.33	398.98	37.909	38.301	42.10	42.53	399.9	2000	459	96.2	14.5	-0.085	0.8	111115
23	"12:47:35"	128.0	0.605	0.0278	329	0.0	0.0	0.0	0.0	0.0	0.000	0.000	0.000	-1	0.850	0.850	0	0.850	0.001	0.000	0.000	0.000	0.0	0.5	0.000	1.69	5.46	0.94	1	12	42.97	43.99	42.64	399.32	399.01	37.917	38.299	42.06	42.48	399.9	2000	461	96.2	14.5	-0.085	0.5	111115
