"OPEN 5.3.2"
"Mon Jul 11 2011 12:38:45"
"Unit="	"PSC-1512"
"LCF="	"LCF-0428"
"LCFCals="	" -1.94 -2.02-2862.00"
"ComputeList="	"/User/Configs/Comps/Std Flr Comp"
"BLCTable="	"/Sys/Lib/BLCTable_LCF"
"LightSource="	"6400-40 LCF"	1	0.16
"LogFormat="	"/User/Configs/LogFormats/Std Flr Log"
"LogCodes="	-35	-21	-36	30	23	36	-86	-88	-87	-89	-90	4202	4211	4212	4213	4206	4205	-81	4207	4215	4216	4220	4221	-96	4222	4223	21	25	-33	-34	-32	-9	-10	-8	-1	-2	-4	-5	-14	-15	-7	-12	-13	-11	-65	-66	-72	-23
"PromptList="	"/User/Configs/Prompts/Default (none)"
"Stability= (Photo 20s SLP<0.5)(Cond 20s SLP<0.01)(H2OS 20s SLP<1)(F 20s SLP<1)"
"12:38:46 "
$STARTOFDATA$
"Obs"	"HHMMSS"	"FTime"	"Photo"	"Cond"	"Ci"	"Fo"	"Fm"	"Fo'"	"Fm'"	"Fs"	"Fv/Fm"	"Fv'/Fm'"	"PhiPS2"	"Adark"	"RedAbs"	"BlueAbs"	"%Blue"	"LeafAbs"	"PhiCO2"	"qP"	"qN"	"NPQ"	"ParIn@Fs"	"PS2/1"	"ETR"	"Trmmol"	"VpdL"	"Area"	"StmRat"	"BLCond"	"Tair"	"Tleaf"	"TBlk"	"CO2R"	"CO2S"	"H2OR"	"H2OS"	"RH_R"	"RH_S"	"Flow"	"PARi"	"PARo"	"Press"	"CsMch"	"HsMch"	"StableF"	"Status"
1	"12:38:53"	20.5	26.5	0.169	122	0.0	0.0	0.0	0.0	0.0	0.000	0.000	0.000	-1	0.850	0.850	9	0.850	0.017	0.000	0.000	0.000	0.0	0.5	0.000	6.39	3.53	1.22	1	11.4	39.51	38.72	38.92	400.05	391.21	32.911	34.790	44.37	46.90	400.0	1941	547	97.36	-2.96	-0.585	0.5	111115
2	"12:38:58"	25.5	25.7	0.169	129	0.0	0.0	0.0	0.0	0.0	0.000	0.000	0.000	-1	0.850	0.850	9	0.850	0.016	0.000	0.000	0.000	0.0	0.5	0.000	6.39	3.54	1.22	1	11.4	39.52	38.73	38.93	399.82	391.23	32.919	34.802	44.35	46.89	400.0	1993	564	97.36	-2.96	-0.585	0.5	111115
3	"12:39:04"	30.5	26.1	0.169	124	0.0	0.0	0.0	0.0	0.0	0.000	0.000	0.000	-1	0.850	0.850	9	0.850	0.016	0.000	0.000	0.000	0.0	0.5	0.000	6.4	3.55	1.22	1	11.4	39.54	38.77	38.94	399.92	391.19	32.921	34.806	44.32	46.86	400.1	1993	561	97.36	-2.96	-0.585	0.5	111115
4	"12:39:09"	36.0	26.2	0.166	120	0.0	0.0	0.0	0.0	0.0	0.000	0.000	0.000	-1	0.850	0.850	9	0.850	0.016	0.000	0.000	0.000	0.0	0.5	0.000	6.33	3.57	1.22	1	11.4	39.55	38.82	38.95	399.97	391.25	32.943	34.804	44.32	46.82	400.4	1993	558	97.36	-2.96	-0.585	0.5	111115
5	"12:39:14"	41.0	25.9	0.166	123	0.0	0.0	0.0	0.0	0.0	0.000	0.000	0.000	-1	0.850	0.850	9	0.850	0.016	0.000	0.000	0.000	0.0	0.5	0.000	6.36	3.57	1.22	1	11.4	39.56	38.83	38.96	399.89	391.22	32.953	34.825	44.30	46.81	400.0	1996	555	97.36	-2.96	-0.585	0.8	111115
6	"12:39:20"	46.5	26.1	0.164	118	0.0	0.0	0.0	0.0	0.0	0.000	0.000	0.000	-1	0.850	0.850	9	0.850	0.016	0.000	0.000	0.000	0.0	0.5	0.000	6.3	3.59	1.22	1	11.4	39.58	38.87	38.98	399.98	391.29	32.972	34.824	44.29	46.77	400.3	1996	466	97.36	-2.96	-0.585	0.2	111115
7	"12:39:25"	52.0	25.8	0.164	120	0.0	0.0	0.0	0.0	0.0	0.000	0.000	0.000	-1	0.850	0.850	9	0.850	0.016	0.000	0.000	0.000	0.0	0.5	0.000	6.3	3.59	1.22	1	11.4	39.59	38.89	38.99	399.90	391.27	32.982	34.836	44.27	46.75	400.2	1996	549	97.36	-2.96	-0.585	0.2	111115
8	"12:39:30"	57.0	26.1	0.163	116	0.0	0.0	0.0	0.0	0.0	0.000	0.000	0.000	-1	0.850	0.850	9	0.850	0.016	0.000	0.000	0.000	0.0	0.5	0.000	6.28	3.6	1.22	1	11.4	39.61	38.92	39.00	400.01	391.31	32.995	34.844	44.26	46.74	400.1	1996	550	97.36	-2.96	-0.585	0.5	111115
9	"12:39:36"	62.5	25.7	0.162	119	0.0	0.0	0.0	0.0	0.0	0.000	0.000	0.000	-1	0.850	0.850	9	0.850	0.016	0.000	0.000	0.000	0.0	0.5	0.000	6.27	3.61	1.22	1	11.4	39.62	38.94	39.01	400.04	391.44	33.003	34.848	44.24	46.71	400.1	1996	548	97.36	-2.96	-0.585	0.8	111115
10	"12:39:41"	68.0	25.6	0.161	117	0.0	0.0	0.0	0.0	0.0	0.000	0.000	0.000	-1	0.850	0.850	9	0.850	0.016	0.000	0.000	0.000	0.0	0.5	0.000	6.22	3.62	1.22	1	11.4	39.63	38.96	39.02	400.00	391.44	33.017	34.848	44.22	46.68	400.1	1995	546	97.36	-2.96	-0.585	0.2	111115
11	"12:39:47"	73.5	25.1	0.159	120	0.0	0.0	0.0	0.0	0.0	0.000	0.000	0.000	-1	0.850	0.850	9	0.850	0.015	0.000	0.000	0.000	0.0	0.5	0.000	6.2	3.63	1.22	1	11.4	39.64	38.99	39.04	399.92	391.52	33.027	34.851	44.21	46.65	400.1	1995	544	97.36	-2.96	-0.585	0.2	111115
12	"12:39:52"	78.5	25.3	0.158	117	0.0	0.0	0.0	0.0	0.0	0.000	0.000	0.000	-1	0.850	0.850	9	0.850	0.016	0.000	0.000	0.000	0.0	0.5	0.000	6.17	3.64	1.22	1	11.4	39.66	39.02	39.05	399.93	391.48	33.038	34.855	44.19	46.62	400.1	1995	540	97.36	-2.96	-0.585	0.2	111115
13	"12:39:57"	84.0	25.4	0.158	116	0.0	0.0	0.0	0.0	0.0	0.000	0.000	0.000	-1	0.850	0.850	9	0.850	0.016	0.000	0.000	0.000	0.0	0.5	0.000	6.18	3.65	1.22	1	11.4	39.67	39.05	39.06	400.04	391.56	33.047	34.867	44.17	46.60	400.1	1995	539	97.36	-2.96	-0.585	0.2	111115
14	"12:40:02"	89.0	25.2	0.157	116	0.0	0.0	0.0	0.0	0.0	0.000	0.000	0.000	-1	0.850	0.850	9	0.850	0.015	0.000	0.000	0.000	0.0	0.5	0.000	6.15	3.66	1.22	1	11.4	39.68	39.07	39.07	399.96	391.55	33.056	34.867	44.16	46.57	400.1	1995	524	97.36	-2.96	-0.585	0.2	111115
15	"12:40:07"	94.0	25.7	0.156	108	0.0	0.0	0.0	0.0	0.0	0.000	0.000	0.000	-1	0.850	0.850	9	0.850	0.016	0.000	0.000	0.000	0.0	0.5	0.000	6.12	3.67	1.22	1	11.4	39.69	39.11	39.09	400.23	391.66	33.071	34.871	44.15	46.55	400.1	1995	503	97.36	-2.96	-0.585	0.5	111115
16	"12:40:12"	99.5	25	0.155	114	0.0	0.0	0.0	0.0	0.0	0.000	0.000	0.000	-1	0.850	0.850	9	0.850	0.015	0.000	0.000	0.000	0.0	0.5	0.000	6.11	3.68	1.22	1	11.4	39.71	39.13	39.10	400.05	391.69	33.078	34.875	44.13	46.52	400.1	1995	498	97.36	-2.96	-0.585	0.5	111115
17	"12:40:18"	105.0	24.7	0.154	115	0.0	0.0	0.0	0.0	0.0	0.000	0.000	0.000	-1	0.850	0.850	9	0.850	0.015	0.000	0.000	0.000	0.0	0.5	0.000	6.08	3.69	1.22	1	11.4	39.72	39.17	39.11	399.90	391.65	33.088	34.877	44.11	46.50	400.1	1995	500	97.36	-2.96	-0.585	0.2	111115
18	"12:40:23"	110.0	24.9	0.152	111	0.0	0.0	0.0	0.0	0.0	0.000	0.000	0.000	-1	0.850	0.850	9	0.850	0.015	0.000	0.000	0.000	0.0	0.5	0.000	6.03	3.7	1.22	1	11.4	39.73	39.19	39.12	399.96	391.65	33.102	34.877	44.10	46.47	400.1	1995	501	97.36	-2.96	-0.585	0.2	111115
19	"12:40:28"	115.0	24.7	0.152	113	0.0	0.0	0.0	0.0	0.0	0.000	0.000	0.000	-1	0.850	0.850	9	0.850	0.015	0.000	0.000	0.000	0.0	0.5	0.000	6.05	3.71	1.22	1	11.4	39.74	39.21	39.13	400.00	391.74	33.105	34.885	44.08	46.46	400.1	1995	500	97.36	-2.96	-0.585	0.2	111115
20	"12:40:33"	120.0	24.8	0.15	109	0.0	0.0	0.0	0.0	0.0	0.000	0.000	0.000	-1	0.850	0.850	9	0.850	0.015	0.000	0.000	0.000	0.0	0.5	0.000	6	3.72	1.22	1	11.4	39.75	39.24	39.14	400.01	391.73	33.112	34.879	44.07	46.42	400.1	1994	501	97.36	-2.96	-0.585	0.5	111115
21	"12:40:38"	125.0	24.9	0.149	106	0.0	0.0	0.0	0.0	0.0	0.000	0.000	0.000	-1	0.850	0.850	9	0.850	0.015	0.000	0.000	0.000	0.0	0.5	0.000	5.98	3.73	1.22	1	11.4	39.76	39.27	39.15	400.01	391.71	33.129	34.887	44.06	46.40	400.1	1995	504	97.36	-2.96	-0.585	0.2	111115
22	"12:40:43"	130.0	24.7	0.149	108	0.0	0.0	0.0	0.0	0.0	0.000	0.000	0.000	-1	0.850	0.850	9	0.850	0.015	0.000	0.000	0.000	0.0	0.5	0.000	5.98	3.74	1.22	1	11.4	39.78	39.29	39.16	400.01	391.77	33.138	34.897	44.04	46.38	400.1	1994	508	97.36	-2.96	-0.585	0.2	111115
23	"12:40:48"	135.0	24.7	0.148	105	0.0	0.0	0.0	0.0	0.0	0.000	0.000	0.000	-1	0.850	0.850	9	0.850	0.015	0.000	0.000	0.000	0.0	0.5	0.000	5.93	3.74	1.22	1	11.4	39.79	39.30	39.17	400.14	391.89	33.155	34.900	44.04	46.36	400.1	1995	509	97.36	-2.96	-0.585	0.2	111115
