"OPEN 5.3.2"
"Mon Jul 11 2011 13:29:16"
"Unit="	"PSC-1512"
"LCF="	"LCF-0428"
"LCFCals="	" -1.94 -2.02-2862.00"
"ComputeList="	"/User/Configs/Comps/Std Flr Comp"
"BLCTable="	"/Sys/Lib/BLCTable_LCF"
"LightSource="	"6400-40 LCF"	1	0.16
"LogFormat="	"/User/Configs/LogFormats/Std Flr Log"
"LogCodes="	-35	-21	-36	30	23	36	-86	-88	-87	-89	-90	4202	4211	4212	4213	4206	4205	-81	4207	4215	4216	4220	4221	-96	4222	4223	21	25	-33	-34	-32	-9	-10	-8	-1	-2	-4	-5	-14	-15	-7	-12	-13	-11	-65	-66	-72	-23
"PromptList="	"/User/Configs/Prompts/Default (none)"
"Stability= (Photo 20s SLP<0.5)(Cond 20s SLP<0.01)(H2OS 20s SLP<1)(F 20s SLP<1)"
"13:29:17 "
$STARTOFDATA$
"Obs"	"HHMMSS"	"FTime"	"Photo"	"Cond"	"Ci"	"Fo"	"Fm"	"Fo'"	"Fm'"	"Fs"	"Fv/Fm"	"Fv'/Fm'"	"PhiPS2"	"Adark"	"RedAbs"	"BlueAbs"	"%Blue"	"LeafAbs"	"PhiCO2"	"qP"	"qN"	"NPQ"	"ParIn@Fs"	"PS2/1"	"ETR"	"Trmmol"	"VpdL"	"Area"	"StmRat"	"BLCond"	"Tair"	"Tleaf"	"TBlk"	"CO2R"	"CO2S"	"H2OR"	"H2OS"	"RH_R"	"RH_S"	"Flow"	"PARi"	"PARo"	"Press"	"CsMch"	"HsMch"	"StableF"	"Status"
1	"13:29:24"	15.0	-2.25	0.0531	433	0.0	0.0	0.0	0.0	0.0	0.000	0.000	0.000	-1	0.850	0.850	9	0.850	-0.001	0.000	0.000	0.000	0.0	0.5	0.000	2.79	4.8	0.79	1	12	43.68	42.82	42.96	399.52	399.74	38.543	39.072	41.67	42.25	399.9	1888	120	97.35	-3.34	-0.769	0.2	111115
2	"13:29:29"	20.5	1.38	0.0584	330	0.0	0.0	0.0	0.0	0.0	0.000	0.000	0.000	-1	0.850	0.850	9	0.850	0.001	0.000	0.000	0.000	0.0	0.5	0.000	3.08	4.83	0.79	1	12	43.71	42.90	42.98	399.69	399.18	38.531	39.116	41.61	42.24	400.0	1981	120	97.35	-3.34	-0.769	0.2	111115
3	"13:29:34"	25.5	1.55	0.0616	328	0.0	0.0	0.0	0.0	0.0	0.000	0.000	0.000	-1	0.850	0.850	9	0.850	0.002	0.000	0.000	0.000	0.0	0.5	0.000	3.27	4.86	0.79	1	12	43.73	42.97	43.00	399.59	399.03	38.511	39.132	41.53	42.20	399.9	1987	120	97.35	-3.34	-0.769	0.2	111115
4	"13:29:39"	30.5	1.94	0.064	319	0.0	0.0	0.0	0.0	0.0	0.000	0.000	0.000	-1	0.850	0.850	9	0.850	0.002	0.000	0.000	0.000	0.0	0.5	0.000	3.42	4.89	0.79	1	12	43.76	43.03	43.02	399.57	398.92	38.497	39.146	41.47	42.17	399.9	1990	119	97.35	-3.34	-0.769	0.2	111115
5	"13:29:45"	35.5	2.4	0.0662	310	0.0	0.0	0.0	0.0	0.0	0.000	0.000	0.000	-1	0.850	0.850	9	0.850	0.002	0.000	0.000	0.000	0.0	0.5	0.000	3.55	4.91	0.79	1	12	43.78	43.08	43.04	399.57	398.82	38.476	39.150	41.39	42.12	399.9	1989	133	97.35	-3.34	-0.769	0.2	111115
6	"13:29:50"	41.0	1.72	0.0653	325	0.0	0.0	0.0	0.0	0.0	0.000	0.000	0.000	-1	0.850	0.850	9	0.850	0.002	0.000	0.000	0.000	0.0	0.5	0.000	3.52	4.94	0.79	1	12	43.81	43.13	43.07	399.42	398.80	38.480	39.148	41.33	42.05	400.2	1989	133	97.35	-3.34	-0.769	0.2	111115
7	"13:29:55"	46.0	2.85	0.0651	298	0.0	0.0	0.0	0.0	0.0	0.000	0.000	0.000	-1	0.850	0.850	9	0.850	0.002	0.000	0.000	0.000	0.0	0.5	0.000	3.52	4.96	0.79	1	12	43.84	43.18	43.09	399.58	398.73	38.475	39.144	41.27	41.99	399.8	1988	133	97.35	-3.34	-0.769	0.2	111115
8	"13:30:01"	51.5	2.95	0.0658	296	0.0	0.0	0.0	0.0	0.0	0.000	0.000	0.000	-1	0.850	0.850	9	0.850	0.002	0.000	0.000	0.000	0.0	0.5	0.000	3.58	4.98	0.79	1	12	43.87	43.23	43.12	399.60	398.74	38.457	39.137	41.19	41.92	399.9	1988	133	97.35	-3.34	-0.769	0.5	111115
9	"13:30:06"	57.0	2.72	0.0667	302	0.0	0.0	0.0	0.0	0.0	0.000	0.000	0.000	-1	0.850	0.850	9	0.850	0.002	0.000	0.000	0.000	0.0	0.5	0.000	3.64	5	0.79	1	12	43.90	43.27	43.14	399.61	398.78	38.438	39.130	41.10	41.84	399.9	1987	133	97.35	-3.34	-0.769	0.5	111115
10	"13:30:11"	62.5	1.83	0.0671	323	0.0	0.0	0.0	0.0	0.0	0.000	0.000	0.000	-1	0.850	0.850	9	0.850	0.002	0.000	0.000	0.000	0.0	0.5	0.000	3.68	5.02	0.79	1	12	43.93	43.31	43.17	399.47	398.82	38.422	39.120	41.02	41.76	399.9	1987	133	97.35	-3.34	-0.769	0.8	111115
11	"13:30:17"	68.0	1.84	0.066	322	0.0	0.0	0.0	0.0	0.0	0.000	0.000	0.000	-1	0.850	0.850	9	0.850	0.002	0.000	0.000	0.000	0.0	0.5	0.000	3.64	5.04	0.79	1	12	43.96	43.35	43.20	399.43	398.78	38.420	39.110	40.95	41.69	399.9	1987	133	97.35	-3.34	-0.769	0.5	111115
12	"13:30:22"	73.5	1.73	0.0665	325	0.0	0.0	0.0	0.0	0.0	0.000	0.000	0.000	-1	0.850	0.850	9	0.850	0.002	0.000	0.000	0.000	0.0	0.5	0.000	3.68	5.07	0.79	1	12	43.99	43.40	43.22	399.44	398.81	38.397	39.095	40.86	41.60	400.1	1987	133	97.35	-3.34	-0.769	0.5	111115
13	"13:30:28"	79.0	1.96	0.0661	319	0.0	0.0	0.0	0.0	0.0	0.000	0.000	0.000	-1	0.850	0.850	9	0.850	0.002	0.000	0.000	0.000	0.0	0.5	0.000	3.67	5.09	0.79	1	12	44.02	43.44	43.25	399.42	398.74	38.389	39.086	40.79	41.53	400.0	1990	133	97.35	-3.34	-0.769	0.5	111115
14	"13:30:33"	84.0	1.84	0.0653	321	0.0	0.0	0.0	0.0	0.0	0.000	0.000	0.000	-1	0.850	0.850	9	0.850	0.002	0.000	0.000	0.000	0.0	0.5	0.000	3.64	5.1	0.79	1	12	44.05	43.48	43.28	399.45	398.80	38.381	39.073	40.73	41.46	399.8	1990	133	97.35	-3.34	-0.769	0.5	111115
15	"13:30:38"	89.5	1.5	0.0656	329	0.0	0.0	0.0	0.0	0.0	0.000	0.000	0.000	-1	0.850	0.850	9	0.850	0.001	0.000	0.000	0.000	0.0	0.5	0.000	3.67	5.12	0.79	1	12	44.07	43.52	43.30	399.40	398.81	38.362	39.060	40.65	41.39	399.9	1989	133	97.35	-3.34	-0.769	0.8	111115
16	"13:30:44"	95.0	1.83	0.0666	322	0.0	0.0	0.0	0.0	0.0	0.000	0.000	0.000	-1	0.850	0.850	9	0.850	0.002	0.000	0.000	0.000	0.0	0.5	0.000	3.75	5.14	0.79	1	12	44.10	43.56	43.33	399.45	398.79	38.338	39.049	40.56	41.31	399.9	1988	134	97.35	-3.34	-0.769	0.5	111115
17	"13:30:49"	100.5	1.98	0.0655	318	0.0	0.0	0.0	0.0	0.0	0.000	0.000	0.000	-1	0.850	0.850	9	0.850	0.002	0.000	0.000	0.000	0.0	0.5	0.000	3.7	5.17	0.79	1	12	44.13	43.60	43.35	399.47	398.79	38.329	39.031	40.49	41.23	399.9	1989	133	97.35	-3.34	-0.769	0.8	111115
18	"13:30:54"	105.5	1.36	0.0649	332	0.0	0.0	0.0	0.0	0.0	0.000	0.000	0.000	-1	0.850	0.850	9	0.850	0.001	0.000	0.000	0.000	0.0	0.5	0.000	3.68	5.19	0.79	1	12	44.16	43.65	43.38	399.37	398.81	38.320	39.020	40.43	41.16	399.9	1988	134	97.35	-3.34	-0.769	0.5	111115
19	"13:31:00"	110.5	1.35	0.0659	332	0.0	0.0	0.0	0.0	0.0	0.000	0.000	0.000	-1	0.850	0.850	9	0.850	0.001	0.000	0.000	0.000	0.0	0.5	0.000	3.75	5.2	0.79	1	12	44.18	43.68	43.40	399.33	398.76	38.299	39.011	40.35	41.10	399.9	1987	134	97.35	-3.34	-0.769	0.5	111115
20	"13:31:05"	115.5	1.32	0.0645	332	0.0	0.0	0.0	0.0	0.0	0.000	0.000	0.000	-1	0.850	0.850	9	0.850	0.001	0.000	0.000	0.000	0.0	0.5	0.000	3.68	5.22	0.79	1	12	44.21	43.72	43.42	399.34	398.78	38.302	39.001	40.29	41.03	399.8	1988	125	97.35	-3.34	-0.769	0.5	111115
21	"13:31:10"	121.0	1.01	0.0649	340	0.0	0.0	0.0	0.0	0.0	0.000	0.000	0.000	-1	0.850	0.850	9	0.850	0.001	0.000	0.000	0.000	0.0	0.5	0.000	3.72	5.24	0.79	1	12	44.24	43.75	43.45	399.27	398.78	38.290	38.996	40.22	40.96	399.9	1988	119	97.35	-3.34	-0.769	0.5	111115
22	"13:31:16"	127.0	1.51	0.0651	328	0.0	0.0	0.0	0.0	0.0	0.000	0.000	0.000	-1	0.850	0.850	9	0.850	0.001	0.000	0.000	0.000	0.0	0.5	0.000	3.74	5.25	0.79	1	12	44.27	43.77	43.47	399.29	398.70	38.265	38.975	40.13	40.87	399.9	1988	120	97.35	-3.34	-0.769	0.5	111115
23	"13:31:21"	132.0	1.21	0.0651	335	0.0	0.0	0.0	0.0	0.0	0.000	0.000	0.000	-1	0.850	0.850	9	0.850	0.001	0.000	0.000	0.000	0.0	0.5	0.000	3.75	5.27	0.79	1	12	44.30	43.81	43.50	399.31	398.77	38.235	38.947	40.05	40.79	399.9	1988	117	97.35	-3.34	-0.769	0.8	111115
24	"13:31:26"	137.0	1.31	0.0647	332	0.0	0.0	0.0	0.0	0.0	0.000	0.000	0.000	-1	0.850	0.850	9	0.850	0.001	0.000	0.000	0.000	0.0	0.5	0.000	3.74	5.28	0.79	1	12	44.32	43.83	43.52	399.28	398.73	38.230	38.940	39.99	40.73	399.9	1988	118	97.35	-3.34	-0.769	0.5	111115
25	"13:31:31"	142.0	1.14	0.0654	337	0.0	0.0	0.0	0.0	0.0	0.000	0.000	0.000	-1	0.850	0.850	9	0.850	0.001	0.000	0.000	0.000	0.0	0.5	0.000	3.79	5.3	0.79	1	12	44.35	43.86	43.55	399.32	398.80	38.199	38.918	39.90	40.66	400.1	1988	118	97.35	-3.34	-0.769	0.8	111115
26	"13:31:36"	147.0	1.84	0.0652	320	0.0	0.0	0.0	0.0	0.0	0.000	0.000	0.000	-1	0.850	0.850	9	0.850	0.002	0.000	0.000	0.000	0.0	0.5	0.000	3.79	5.31	0.79	1	12	44.37	43.88	43.57	399.46	398.80	38.179	38.898	39.83	40.58	399.7	1987	124	97.35	-3.34	-0.769	0.5	111115
27	"13:31:41"	152.0	2.25	0.0647	310	0.0	0.0	0.0	0.0	0.0	0.000	0.000	0.000	-1	0.850	0.850	9	0.850	0.002	0.000	0.000	0.000	0.0	0.5	0.000	3.77	5.33	0.79	1	12	44.40	43.91	43.60	399.56	398.82	38.168	38.884	39.77	40.52	400.3	1987	124	97.35	-3.34	-0.769	0.5	111115
28	"13:31:46"	157.0	1.17	0.0643	335	0.0	0.0	0.0	0.0	0.0	0.000	0.000	0.000	-1	0.850	0.850	9	0.850	0.001	0.000	0.000	0.000	0.0	0.5	0.000	3.75	5.34	0.79	1	12	44.42	43.94	43.62	399.32	398.80	38.163	38.877	39.71	40.46	399.4	1987	124	97.35	-3.34	-0.769	0.5	111115
29	"13:31:51"	162.0	1.24	0.0639	333	0.0	0.0	0.0	0.0	0.0	0.000	0.000	0.000	-1	0.850	0.850	9	0.850	0.001	0.000	0.000	0.000	0.0	0.5	0.000	3.74	5.35	0.79	1	12	44.44	43.96	43.64	399.37	398.83	38.151	38.861	39.65	40.39	400.1	1987	124	97.35	-3.34	-0.769	0.8	111115
30	"13:31:56"	167.0	0.921	0.0637	341	0.0	0.0	0.0	0.0	0.0	0.000	0.000	0.000	-1	0.850	0.850	9	0.850	0.001	0.000	0.000	0.000	0.0	0.5	0.000	3.74	5.36	0.79	1	12	44.47	43.98	43.67	399.21	398.74	38.145	38.854	39.60	40.34	399.5	1987	120	97.35	-3.34	-0.769	0.5	111115
31	"13:32:01"	172.0	1.3	0.0631	331	0.0	0.0	0.0	0.0	0.0	0.000	0.000	0.000	-1	0.850	0.850	9	0.850	0.001	0.000	0.000	0.000	0.0	0.5	0.000	3.71	5.37	0.79	1	12	44.49	44.01	43.69	399.28	398.73	38.139	38.843	39.54	40.27	400.2	1990	121	97.35	-3.34	-0.769	0.8	111115
32	"13:32:06"	176.5	0.835	0.0637	342	0.0	0.0	0.0	0.0	0.0	0.000	0.000	0.000	-1	0.850	0.850	9	0.850	0.001	0.000	0.000	0.000	0.0	0.5	0.000	3.76	5.39	0.79	1	12	44.51	44.03	43.71	399.14	398.68	38.124	38.838	39.48	40.22	399.9	1990	118	97.35	-3.34	-0.769	0.5	111115
